0.0
0.0
0.0
0.0
0.0
0.0
0.0
0.0
0.0
0.0
0.0
0.0
0.004444247647444213
7.145241530269392e-5
-7.145241529817417e-5
0.004444247647444527
7.145241530268657e-5
7.145241530222153e-5
0.0044442476474437585
-7.145241529770103e-5
-7.145241529817528e-5
0.004444247647444062
-7.145241529770637e-5
7.145241530220984e-5
0.0008170065777770373
8.464691051393427e-5
8.464691051394388e-5
0.001729764786878794
6.905057713348504e-5
6.905057713348485e-5
0.0026350560455930634
7.184999004860309e-5
7.184999004853654e-5
0.0035392566203510515
7.135075948743171e-5
7.135075948721174e-5
0.0008170065777769194
8.464691051392535e-5
-8.464691051369846e-5
0.0017297647868785857
6.905057713348415e-5
-6.905057713259902e-5
0.0026350560455927967
7.184999004860538e-5
-7.184999004672814e-5
0.0035392566203507553
7.135075948743608e-5
-7.135075948431997e-5
0.0008170065777769195
-8.464691051370732e-5
8.464691051392968e-5
0.0017297647868785657
-6.90505771325966e-5
6.905057713347228e-5
0.0026350560455927403
-7.184999004665757e-5
7.18499900485232e-5
0.003539256620350652
-7.13507594840972e-5
7.135075948720059e-5
0.0008170065777768022
-8.464691051369377e-5
-8.46469105136889e-5
0.0017297647868783571
-6.905057713258643e-5
-6.905057713259574e-5
0.002635056045592474
-7.184999004664786e-5
-7.184999004672682e-5
0.0035392566203503546
-7.135075948408959e-5
-7.135075948432089e-5
0.0
0.0
0.0
0.0
0.0
0.0
0.004444169910994219
7.141191671733306e-5
2.0230421434977093e-15
0.004444169910993761
-7.141191671234389e-5
2.0168208042877716e-15
0.0008099930098768842
8.467731921921886e-5
1.199709658924832e-16
0.0017325864061489107
6.925077517459573e-5
4.416570232299129e-16
0.002634213772596816
7.1711424583924e-5
9.032755870111638e-16
0.0035394822909334362
7.141605052771103e-5
1.4455939122070815e-15
0.003539482290933036
-7.141605052436782e-5
1.4396368190861183e-15
0.0026342137725964923
-7.171142458196893e-5
8.972213934072784e-16
0.0017325864061486823
-6.925077517369859e-5
4.3698437331121333e-16
0.0008099930098767672
-8.467731921898374e-5
1.1766075475539665e-16
0.0
0.0
0.0
0.0
0.0
0.0
0.004444169910993847
2.4951532225015463e-15
-7.141191671281769e-5
0.004444169910994152
2.488761947874732e-15
7.141191671685879e-5
0.0
0.0
0.0
0.004444103737696921
2.493424691569042e-15
2.0205115696484843e-15
0.0008099930098768845
1.1061435733888438e-16
8.467731921922556e-5
0.0017325864061489003
4.4231743420462584e-16
6.925077517458906e-5
0.002634213772596789
9.710413188079878e-16
7.171142458384858e-5
0.003539482290933383
1.6659543970205757e-15
7.141605052748258e-5
0.000809993009876767
1.128955971352765e-16
-8.467731921897694e-5
0.0017325864061486917
4.470703011365467e-16
-6.925077517370505e-5
0.0026342137725965213
9.769111536740038e-16
-7.171142458204437e-5
0.0035394822909330854
1.6721444589241844e-15
-7.141605052459629e-5
0.0008029559820349245
1.1471531000805942e-16
1.215766278385383e-16
0.0017354268217553686
4.466783459938941e-16
4.407581772412924e-16
0.0026333835023210073
9.75848533458089e-16
9.01281324000423e-16
0.0035396931967319207
1.6702292313336803e-15
1.442788762605649e-15
0.00468230185350081
7.144226535859447e-5
-7.144226535369823e-5
0.004682301853501137
7.144226535860585e-5
7.144226535805649e-5
0.004682301853500341
-7.144226535313076e-5
-7.144226535370788e-5
0.004682301853500665
-7.144226535315369e-5
7.144226535804937e-5
0.004682274824795425
7.144411920015465e-5
2.1800110425136014e-15
0.004682274824795056
2.7323285147590754e-15
-7.144411919526106e-5
0.004682274824794939
-7.144411919469222e-5
2.172323014062903e-15
0.004682274824795339
2.725609272498037e-15
7.14441191996048e-5
0.004491845532656574
7.143799461933183e-5
7.143799461885341e-5
0.004539452400015208
7.143407202760836e-5
7.14340720271152e-5
0.004587065032803742
7.143407594346398e-5
7.143407594295422e-5
0.004634681844887182
7.14365502764e-5
7.143655027587094e-5
0.004491845532656255
7.143799461934202e-5
-7.143799461474254e-5
0.0045394524000148834
7.143407202761934e-5
-7.143407202294358e-5
0.004587065032803416
7.143407594347108e-5
-7.143407593872126e-5
0.004634681844886856
7.143655027639955e-5
-7.143655027157554e-5
0.004491845532656102
-7.143799461425798e-5
7.14379946188406e-5
0.004539452400014734
-7.143407202244173e-5
7.14340720271022e-5
0.00458706503280327
-7.143407593820339e-5
7.143407594294199e-5
0.004634681844886709
-7.143655027104376e-5
7.14365502758609e-5
0.004491845532655794
-7.143799461425547e-5
-7.143799461474357e-5
0.004539452400014417
-7.143407202243873e-5
-7.143407202294405e-5
0.004587065032802947
-7.143407593819643e-5
-7.143407593872371e-5
0.004634681844886385
-7.143655027103024e-5
-7.143655027158178e-5
0.004682247078287198
2.7298520029187033e-15
2.1716242247204573e-15
0.00449179355747545
7.143161369896575e-5
2.052960044415558e-15
0.004539413855557747
7.143669126695317e-5
2.084663829828187e-15
0.0045870336432903315
7.143751929887305e-5
2.1167211495089286e-15
0.004634653809812537
7.143890267342302e-5
2.147555509414583e-15
0.004634653809812055
-7.143890266805653e-5
2.1397819333757404e-15
0.004587033643289852
-7.143751929360202e-5
2.108212439125108e-15
0.004539413855557277
-7.14366912617763e-5
2.0766065944456283e-15
0.004491793557474986
-7.143161369388315e-5
2.0463299671405286e-15
0.00449179355747538
2.536156525482901e-15
7.143161369847495e-5
0.0045394138555576715
2.5834396688643137e-15
7.14366912664477e-5
0.004587033643290247
2.631055554607956e-15
7.143751929835246e-5
0.00463465380981245
2.678536756099915e-15
7.143890267288779e-5
0.004491793557475079
2.5415429743409664e-15
-7.143161369437399e-5
0.004539413855557381
2.5886466709884985e-15
-7.143669126228518e-5
0.004587033643289965
2.6367635368942424e-15
-7.143751929412834e-5
0.0046346538098121694
2.6850118456858127e-15
-7.143890266860271e-5
0.004491738119361004
2.5389687951787308e-15
2.0528126930153796e-15
0.004539371318180543
2.585881327933968e-15
2.08385397280657e-15
0.0045870001128851265
2.6330744629544142e-15
2.11365553370862e-15
0.004634624774656427
2.6812574782100953e-15
2.1433172254078462e-15
