0.0
0.0
0.0
0.0
0.0
0.0
0.0
0.0
0.0
0.0
0.0
0.0
0.005555309559304947
8.931551912690099e-5
-8.931551912459713e-5
0.005555309559305026
8.931551912677552e-5
8.931551912588413e-5
0.005555309559304686
-8.931551912358046e-5
-8.931551912472122e-5
0.005555309559304774
-8.931551912370525e-5
8.931551912575757e-5
0.0010212582222211524
0.0001058086381423339
0.00010580863814232487
0.002162205983598206
8.631322141658351e-5
8.63132214164716e-5
0.0032938200569909144
8.981248756016574e-5
8.981248755986054e-5
0.004424070775438279
8.918844935826335e-5
8.918844935768564e-5
0.001021258222221112
0.00010580863814235813
-0.00010580863814220928
0.0021622059835981404
8.63132214166374e-5
-8.63132214161183e-5
0.0032938200569908377
8.981248756024597e-5
-8.98124875592041e-5
0.004424070775438202
8.918844935836513e-5
-8.918844935671354e-5
0.0010212582222210683
-0.00010580863814219549
0.00010580863814228858
0.0021622059835980476
-8.631322141600273e-5
8.631322141641156e-5
0.0032938200569907028
-8.98124875588957e-5
8.981248755977637e-5
0.004424070775438033
-8.9188449356134e-5
8.918844935758196e-5
0.001021258222221028
-0.00010580863814216398
-0.00010580863814222873
0.002162205983597982
-8.63132214159465e-5
-8.631322141616867e-5
0.0032938200569906264
-8.981248755881447e-5
-8.981248755928086e-5
0.004424070775437958
-8.918844935603216e-5
-8.918844935681444e-5
0.0
0.0
0.0
0.0
0.0
0.0
0.005555212388742292
8.926489589513991e-5
6.434604724492256e-16
0.005555212388742038
-8.926489589194416e-5
5.174108856554242e-16
0.0010124912623460153
0.00010584664902395566
5.690011387492977e-17
0.002165733007685949
8.656346896799812e-5
1.7641514907465647e-16
0.0032927672157457327
8.963928072935406e-5
3.2813839470213883e-16
0.004424352863666408
8.927006315865981e-5
4.860680967242365e-16
0.004424352863666162
-8.92700631564278e-5
3.8372026037887836e-16
0.0032927672157455215
-8.963928072800169e-5
2.477050702161312e-16
0.00216573300768579
-8.656346896735977e-5
1.2116507070071103e-16
0.0010124912623459318
-0.00010584664902378524
2.899736327005339e-17
0.0
0.0
0.0
0.0
0.0
0.0
0.005555212388742127
1.6599517984029574e-15
-8.926489589296157e-5
0.005555212388742202
1.5353486483958033e-15
8.926489589412292e-5
0.0
0.0
0.0
0.005555129672120819
1.5977489310243286e-15
5.806485658829985e-16
0.0010124912623459934
6.718516923126118e-17
0.0001058466490239152
0.0021657330076859022
2.8921622682294216e-16
8.65634689678282e-5
0.003292767215745666
6.341084648329956e-16
8.963928072896609e-5
0.004424352863666324
1.0642547142306319e-15
8.927006315797862e-5
0.0010124912623459526
9.50729043790407e-17
-0.00010584664902382567
0.002165733007685837
3.4432325641017993e-16
-8.65634689675295e-5
0.0032927672157455888
7.148615315273877e-16
-8.963928072838985e-5
0.0044243528636662465
1.1659707908387052e-15
-8.927006315710859e-5
0.0010036949775435971
8.316417524505229e-17
4.388513853153997e-17
0.0021692835271940845
3.1803924452069667e-16
1.4898205707605736e-16
0.0032917293779010687
6.753993365211035e-16
2.8795149293298583e-16
0.004424616495914644
1.1155228262263572e-15
4.3516761356391936e-16
0.005852877316875689
8.93028316966338e-5
-8.930283169415962e-5
0.005852877316875765
8.93028316965099e-5
8.9302831695525e-5
0.005852877316875417
-8.930283169304311e-5
-8.930283169428731e-5
0.005852877316875531
-8.93028316931896e-5
8.930283169540868e-5
0.005852843530993802
8.930514899852546e-5
6.847254942983849e-16
0.005852843530993634
1.7954990174573107e-15
-8.930514899617659e-5
0.005852843530993533
-8.930514899506584e-5
5.613259753493755e-16
0.005852843530993711
1.6588418592081756e-15
8.93051489974209e-5
0.005614806915820078
8.929749327255348e-5
8.929749327164674e-5
0.005674315500018361
8.929259003286912e-5
8.929259003194543e-5
0.005733831291004022
8.929259492765591e-5
8.929259492671339e-5
0.005793352306108319
8.929568784379175e-5
8.929568784282673e-5
0.005614806915819999
8.929749327268032e-5
-8.929749327034147e-5
0.005674315500018284
8.929259003299818e-5
-8.929259003062487e-5
0.005733831291003946
8.929259492778391e-5
-8.92925949253772e-5
0.0057933523061082445
8.929568784391715e-5
-8.929568784147596e-5
0.0056148069158198305
-8.929749326943332e-5
8.929749327151936e-5
0.005674315500018119
-8.929259002969959e-5
8.92925900318166e-5
0.005733831291003786
-8.929259492443701e-5
8.929259492658575e-5
0.005793352306108085
-8.929568784051976e-5
8.929568784270402e-5
0.005614806915819737
-8.929749326930626e-5
-8.929749327046488e-5
0.005674315500018016
-8.929259002956912e-5
-8.929259003074815e-5
0.005733831291003675
-8.929259492430215e-5
-8.929259492550239e-5
0.005793352306107972
-8.929568784038089e-5
-8.929568784160344e-5
0.005852808847858645
1.728481916324566e-15
6.202895014952648e-16
0.0056147419468438285
8.92895171221491e-5
6.509770853880952e-16
0.005674267319446706
8.929586408210333e-5
6.604482834437927e-16
0.005733792054112437
8.929689912197542e-5
6.694118291744427e-16
0.005793317262265193
8.929862834013432e-5
6.769116095310874e-16
0.0057933172622649225
-8.929862833672846e-5
5.504160829754157e-16
0.005733792054112168
-8.929689911862197e-5
5.407897567058808e-16
0.00567426731944644
-8.92958640788025e-5
5.30602565949548e-16
0.005614741946843569
-8.928951711890028e-5
5.22449255680115e-16
0.00561474194684374
1.5620538137177576e-15
8.928951712111238e-5
0.005674267319446613
1.5869198761173992e-15
8.929586408105045e-5
0.00573379205411234
1.6114704761660274e-15
8.929689912090499e-5
0.005793317262265099
1.6349872412694652e-15
8.92986283390478e-5
0.005614741946843667
1.6863793962382301e-15
-8.928951711993676e-5
0.0056742673194465415
1.7129313037140786e-15
-8.92958640798575e-5
0.005733792054112271
1.7400880251333995e-15
-8.929689911969457e-5
0.005793317262265025
1.7675927338132468e-15
-8.929862833781949e-5
0.005614672649200913
1.6229338589739008e-15
5.89490452530396e-16
0.005674214147725325
1.6490539919245588e-15
5.971142400305937e-16
0.0057337501411060515
1.6754697758331283e-15
6.044457204747176e-16
0.005793280968320181
1.7021264223993048e-15
6.123241844148718e-16
