0.0
0.0
0.0
0.0
0.0
0.0
0.0
0.0
0.0
0.0
0.0
0.0
0.005510599993024838
9.768559036540462e-5
0.0001428392481986145
0.005553968344501214
7.760742951013791e-5
0.0003210660559499858
0.0054626258662691255
-8.22439321005371e-5
0.00012533825087999732
0.0055060145895564835
-9.8084156166708e-5
0.00030269782239273707
0.001005704762205303
7.833351678266665e-5
0.00011049626625089538
0.0021416847246058597
1.0370285465698532e-5
0.00011685050155928512
0.003278367173173564
-2.1642949020598943e-5
0.00017115905240052602
0.0044205104195267795
-7.68451069691725e-6
0.00024162476068937964
0.000999261682830323
8.336052870980008e-5
-9.808869427230562e-5
0.0021224801532637224
2.0470126955965284e-5
-5.489628612305915e-5
0.003245476131045725
-6.884086245782241e-6
-9.34498888482415e-6
0.004378362331389541
7.793459400075017e-6
6.21061610289817e-5
0.0010259667352173567
-0.0001326650791753914
0.0001059776064838375
0.0021651129617632396
-0.00016204705337117495
0.00010478480747699262
0.0032857247439946544
-0.00020059168823063355
0.000153394799911582
0.004393673477355251
-0.00018655374949727802
0.00022132320006926117
0.0010195029474142482
-0.00012572365858703568
-0.00010548500494048442
0.002145887599420234
-0.0001492769327097444
-6.554800415537106e-5
0.0032528279804446255
-0.00018432630969253579
-2.2371865785793386e-5
0.004351584669010232
-0.00016684410115963398
4.743811444085752e-5
0.0
0.0
0.0
0.0
0.0
0.0
0.005533356625905217
8.744478338357868e-5
0.00023164063709545853
0.005482801749076436
-9.027309170114302e-5
0.00021367673146303515
0.0009940534786081461
8.055668487334496e-5
6.0042251056434816e-6
0.002136042710604775
1.582962072784596e-5
3.0720871723191086e-5
0.00326166683184387
-1.389141591758196e-5
8.061930361939923e-5
0.00440093577095094
8.837191387907838e-7
0.00015195227030113907
0.004371688896241896
-0.00017593526935443744
0.00013444135903857704
0.003267444690295162
-0.00019163267958866704
6.52108776647881e-5
0.002158546917244237
-0.0001556691434359928
1.935603025857911e-5
0.0010137825391116988
-0.00012953539058443213
4.5748254704289025e-8
0.0
0.0
0.0
0.0
0.0
0.0
0.005486364237359194
7.2698131096712315e-6
0.00013368457318619728
0.0055298574306273515
-1.0655785445413732e-5
0.0003113632679334186
0.0
0.0
0.0
0.00550789096429422
-1.8403088549059618e-6
0.00022221220793485703
0.0010070959697106106
-2.6746865140646674e-5
0.00010849749708791471
0.0021569224139015323
-7.594899588688278e-5
0.00011137995146449669
0.00328095658519244
-0.00011163625121506753
0.0001622908375600507
0.004407434792330436
-9.763160344822919e-5
0.000232030996950012
0.0010007353966145541
-2.076370919703065e-5
-0.00010159633547072956
0.002137660637005829
-6.451659680383606e-5
-6.015034868700448e-5
0.003248153978235385
-9.613187799774503e-5
-1.5491384913258996e-5
0.004365183768303599
-8.005184118559702e-5
5.5181114271353745e-5
0.0009951972879378881
-2.4096366401815827e-5
3.250282492418742e-6
0.002150820963636637
-7.005236114387475e-5
2.5356456994770072e-5
0.0032635274161965416
-0.00010331453978188242
7.310649382765936e-5
0.0043865691030453525
-8.807336228465832e-5
0.0001436736379087711
0.00580710239085277
0.00012084517435170676
0.00016416350432889884
0.005851052944499735
0.0001024571005330935
0.000341180983890076
0.005758714618211409
-5.776747082190154e-5
0.0001449917289793367
0.0058027216098883675
-7.531423198506133e-5
0.0003244867227468801
0.005829649478626709
0.0001108613531427631
0.00025197040406362123
0.005782758251976934
3.1017042274825755e-5
0.0001545224474711108
0.005779825236332501
-6.733394207219525e-5
0.00023402825570814176
0.005826901765249134
1.3063309882565677e-5
0.0003327959843460379
0.0056132157622278
8.197259004791176e-5
0.0003240702661044395
0.005672719601430261
8.731721119239576e-5
0.00032832762496162217
0.005732173657779368
9.244352962035924e-5
0.00033258359765901213
0.005791605027837345
9.745197127393166e-5
0.00033686080527069173
0.005569830846458518
0.00010108645737137772
0.00014638060869368618
0.005629140731825737
0.0001055098318763836
0.0001507139702940845
0.005688457638843604
0.00011030190559011405
0.000155086300309028
0.005747779296422959
0.00011539064359849202
0.00015955895435047575
0.0055652164039383875
-9.512606928071392e-5
0.0003066609096088889
0.005624552059770638
-9.062337044135544e-5
0.0003109238926848714
0.005683917439087111
-8.580013700863078e-5
0.0003152825532994734
0.005743307752768803
-8.071719738043896e-5
0.0003197888386546945
0.005521785745293721
-7.832138152361981e-5
0.00012791946294399157
0.00558092855248008
-7.290313545728923e-5
0.00013223948147525537
0.005640155559099433
-6.774267883014283e-5
0.00013650919813971472
0.005699431844071452
-6.273305344639448e-5
0.00014075673843866413
0.005804656708629087
2.1276831466096346e-5
0.0002429148034063131
0.0055924348251451365
9.135407545226394e-5
0.0002347204876500256
0.005651695103695216
9.619559339940067e-5
0.00023898591812399164
0.005710983389312869
0.00010105143108821628
0.00024331318974869353
0.005770298100858906
0.00010592166776042819
0.00024765921527397964
0.005720449078082875
-7.22278440248529e-5
0.00022971190059607464
0.005661055406834019
-7.710422449381416e-5
0.00022536395238102698
0.0056016415156028105
-8.20008900004541e-5
0.00022103646394679223
0.0055421921662595144
-8.689826073387727e-5
0.00021676957440471597
0.005588974195066475
-6.726803073419517e-6
0.00031504290391982476
0.005648426071121619
-1.7671241136610136e-6
0.0003194662987404757
0.005707927339211428
3.1984879841793846e-6
0.00032386239076940133
0.005767427675262358
8.158326213245924e-6
0.0003282797724098684
0.005545748646552905
1.1212977932982627e-5
0.00013681748820137924
0.005605036578206808
1.617693291802052e-5
0.000141280444802458
0.005664262634871267
2.1144485370917103e-5
0.00014569878624684678
0.005723490849816622
2.6107179884691604e-5
0.00015009527872771015
0.005567149802562665
2.181639033922085e-6
0.0002254602464305083
0.00562655470897674
7.082655954392929e-6
0.00022981797942306422
0.0056859318145261835
1.1912432639872164e-5
0.0002342033141336723
0.005745293869254183
1.6670723753484825e-5
0.0002385842291642954
