0.0
0.0
0.0
0.0
0.0
0.0
0.0
0.0
0.0
0.0
0.0
0.0
0.004673840403438173
0.00014287024167967637
-0.00014287024167986426
0.004673840403438057
0.0001428702416797114
0.00014287024167901926
0.004673840403438092
-0.0001428702416792067
-0.00014287024167982702
0.004673840403437975
-0.0001428702416791687
0.00014287024167905645
0.0
0.0
0.0
0.0
0.0
0.0
0.0
0.0
0.0
0.0
0.0
0.0
0.0
0.0
0.0
0.0
0.0
0.0
0.0
0.0
0.0
0.0
0.0
0.0
0.0
0.0
0.0
0.0
0.0
0.0
0.0
0.0
0.0
0.0
0.0
0.0
0.0
0.0
0.0
0.0
0.0
0.0
0.0
0.0
0.0
0.0
0.0
0.0
0.0046738124291378445
0.00014282443587849218
8.564002937915352e-5
0.004673968456661704
0.00014285328222515332
2.855199572502131e-5
0.004673968456661731
0.000142853282225146
-2.8551995725866937e-5
0.0046738124291379165
0.00014282443587847077
-8.564002937999904e-5
0.004673812429137923
8.564002937981079e-5
-0.00014282443587864405
0.00467396845666174
2.8551995725678506e-5
-0.00014285328222530367
0.0046739684566617255
-2.8551995725209152e-5
-0.00014285328222529603
0.004673812429137873
-8.564002937934103e-5
-0.00014282443587862123
0.004673812429137768
-0.0001428244358779642
8.564002937919088e-5
0.004673968456661625
-0.00014285328222463876
2.8551995725058743e-5
0.004673968456661647
-0.0001428532822246466
-2.8551995725829458e-5
0.004673812429137834
-0.00014282443587798648
-8.564002937996153e-5
0.004673812429137805
8.564002937984601e-5
0.00014282443587781306
0.004673968456661626
2.8551995725715474e-5
0.00014285328222448689
0.004673968456661611
-2.855199572517202e-5
0.0001428532822244949
0.004673812429137758
-8.564002937930393e-5
0.00014282443587783524
0.0008796673194897963
0.00016432780711606227
0.00016432780711602023
0.0018098239671270949
0.00014055282368382322
0.0001405528236836685
0.002770416258232412
0.00014301608008555702
0.00014301608008524417
0.0037214948034139843
0.00014283163554924193
0.00014283163554874268
0.0008796673194898388
0.00016432780711606075
-0.00016432780711607872
0.0018098239671271714
0.0001405528236838088
-0.00014055282368386296
0.002770416258232514
0.0001430160800855314
-0.00014301608008563334
0.0037214948034141023
0.00014283163554920536
-0.00014283163554935704
0.0008796673194897715
-0.00016432780711602533
0.0001643278071160245
0.0018098239671270485
-0.00014055282368370103
0.00014055282368368564
0.0027704162582323504
-0.00014301608008531543
0.00014301608008527057
0.0037214948034139128
-0.00014283163554885646
0.00014283163554877767
0.0008796673194898139
-0.0001643278071160413
-0.00016432780711606585
0.0018098239671271257
-0.0001405528236837247
-0.0001405528236838416
0.002770416258232452
-0.00014301608008534676
-0.00014301608008560198
0.003721494803414021
-0.00014283163554889365
-0.00014283163554931804
0.0
0.0
0.0
0.0
0.0
0.0
0.0
0.0
0.0
0.0
0.0
0.0
0.0
0.0
0.0
0.0
0.0
0.0
0.0
0.0
0.0
0.0
0.0
0.0
0.0
0.0
0.0
0.0
0.0
0.0
0.0
0.0
0.0
0.0
0.0
0.0
0.0
0.0
0.0
0.0
0.0
0.0
0.0
0.0
0.0
0.0
0.0
0.0
0.004673807107623267
8.563504597331113e-5
-8.563504597348456e-5
0.004673959835173872
2.8548884185458494e-5
-8.563871689547645e-5
0.004673959835173854
-2.854888418497438e-5
-8.563871689546836e-5
0.004673807107623216
-8.563504597282708e-5
-8.563504597346221e-5
0.004673959835173867
8.563871689531795e-5
-2.8548884185632268e-5
0.004674114970740349
2.855162816753234e-5
-2.85516281676915e-5
0.004674114970740332
-2.8551628167033182e-5
-2.8551628167683456e-5
0.004673959835173817
-8.563871689481908e-5
-2.8548884185609554e-5
0.004673959835173845
8.563871689532552e-5
2.854888418480062e-5
0.004674114970740322
2.8551628167539603e-5
2.855162816687371e-5
0.004674114970740308
-2.8551628167025732e-5
2.8551628166881387e-5
0.004673959835173797
-8.563871689481098e-5
2.8548884184823338e-5
0.004673807107623199
8.56350459733331e-5
8.563504597265329e-5
0.004673959835173807
2.8548884185480334e-5
8.563871689465925e-5
0.004673959835173786
-2.854888418495245e-5
8.563871689466698e-5
0.004673807107623149
-8.563504597280488e-5
8.563504597267637e-5
0.0008636378658394215
0.00016480608759800446
9.736571263060447e-5
0.000857389578001139
0.0001657961892595407
3.227045042287698e-5
0.0008573895780011476
0.00016579618925954012
-3.2270450422932175e-5
0.0008636378658394456
0.00016480608759800348
-9.73657126306606e-5
0.0018148937746298446
0.00014075557900057023
8.578917224332538e-5
0.001815628922589331
0.0001406808216496374
2.8817236580646185e-5
0.0018156289225893447
0.0001406808216496346
-2.8817236580838177e-5
0.0018148937746298884
0.0001407555790005616
-8.578917224351833e-5
0.002769421033667517
0.00014283599872971968
8.51689743981533e-5
0.002769795007346199
0.00014280015286748305
2.83107599723813e-5
0.0027697950073462246
0.0001428001528674778
-2.8310759972769054e-5
0.0027694210336675802
0.00014283599872970447
-8.516897439854129e-5
0.00372164008582936
0.00014291170141436253
8.58997813418546e-5
0.0037214017381366643
0.00014291535631577782
2.8646532211940683e-5
0.0037214017381366816
0.00014291535631577053
-2.8646532212554385e-5
0.00372164008582943
0.00014291170141434066
-8.589978134246863e-5
0.0037216400858292847
-0.00014291170141399109
8.589978134189023e-5
0.003721401738136585
-0.00014291535631542126
2.864653221197714e-5
0.003721401738136609
-0.000142915356315428
-2.8646532212517038e-5
0.003721640085829352
-0.0001429117014140135
-8.589978134243007e-5
0.0027694210336674566
-0.00014283599872948877
8.516897439818059e-5
0.002769795007346141
-0.00014280015286726277
2.8310759972409556e-5
0.0027697950073461612
-0.00014280015286726963
-2.8310759972739916e-5
0.0027694210336675156
-0.00014283599872950766
-8.516897439851132e-5
0.0018148937746297982
-0.0001407555790004549
8.578917224334342e-5
0.0018156289225892829
-0.00014068082164952954
2.8817236580664688e-5
0.0018156289225893
-0.000140680821649534
-2.8817236580819024e-5
0.001814893774629845
-0.00014075557900046913
-8.578917224349827e-5
0.0008636378658393971
-0.00016480608759796987
9.736571263061054e-5
0.0008573895780011147
-0.00016579618925950885
3.227045042288488e-5
0.0008573895780011228
-0.00016579618925951202
-3.227045042292258e-5
0.0008636378658394229
-0.0001648060875979793
-9.736571263064937e-5
0.0008636378658394081
9.736571263064698e-5
0.00016480608759796182
0.001814893774629819
8.578917224348029e-5
0.0001407555790004205
0.002769421033667485
8.516897439846656e-5
0.00014283599872941645
0.0037216400858293237
8.589978134235383e-5
0.00014291170141387765
0.0008573895780011129
3.227045042292081e-5
0.0001657961892594984
0.0018156289225892814
2.8817236580801846e-5
0.00014068082164949336
0.002769795007346135
2.8310759972695097e-5
0.00014280015286718953
0.0037214017381365914
2.8646532212439792e-5
0.00014291535631530742
0.0008573895780011075
-3.227045042288613e-5
0.00016579618925949906
0.0018156289225892725
-2.8817236580681104e-5
0.0001406808216494971
0.0027697950073461253
-2.8310759972454293e-5
0.0001428001528671948
0.003721401738136567
-2.864653221205498e-5
0.00014291535631531446
0.0008636378658393944
-9.736571263061148e-5
0.00016480608759796437
0.0018148937746297932
-8.5789172243359e-5
0.00014075557900043086
0.002769421033667447
-8.516897439822536e-5
0.00014283599872943217
0.0037216400858292808
-8.589978134196861e-5
0.00014291170141389858
0.0008636378658394355
-9.73657126306244e-5
-0.0001648060875980112
0.0018148937746298682
-8.57891722433808e-5
-0.00014075557900059639
0.0027694210336675503
-8.516897439825553e-5
-0.0001428359987297761
0.00372164008582939
-8.589978134200592e-5
-0.00014291170141445396
0.0008573895780011509
-3.22704504228962e-5
-0.00016579618925955072
0.0018156289225893473
-2.8817236580700846e-5
-0.00014068082164967057
0.002769795007346226
-2.831075997248363e-5
-0.0001428001528675505
0.0037214017381366825
-2.8646532212091885e-5
-0.00014291535631588462
0.0008573895780011549
3.227045042291347e-5
-0.00016579618925955322
0.001815628922589358
2.8817236580783893e-5
-0.0001406808216496748
0.0027697950073462393
2.8310759972667027e-5
-0.00014280015286755686
0.003721401738136701
2.8646532212403173e-5
-0.00014291535631589264
0.0008636378658394513
9.736571263064249e-5
-0.00016480608759801904
0.0018148937746298962
8.578917224346422e-5
-0.00014075557900060877
0.0027694210336675893
8.516897439843967e-5
-0.00014283599872979487
0.003721640085829435
8.5899781342317e-5
-0.00014291170141447732
0.0008475846599188683
9.735046094599322e-5
-9.73504609460087e-5
0.0018200298456558072
8.581052230562524e-5
-8.581052230567232e-5
0.0027684198242638428
8.515447400879069e-5
-8.5154474008881e-5
0.0037217722624714477
8.59066949930851e-5
-8.590669499322188e-5
0.0008413304650521683
3.216091063280122e-5
-9.786370674280269e-5
0.0018208113204972493
2.882426494003351e-5
-8.582373428660866e-5
0.002768780899732057
2.831459175296393e-5
-8.510207912524348e-5
0.0037215348717268898
2.8646204087053145e-5
-8.592401847121943e-5
0.0008413304650521631
-3.216091063277905e-5
-9.786370674280039e-5
0.0018208113204972415
-2.882426493994214e-5
-8.582373428660477e-5
0.0027687808997320443
-2.8314591752768416e-5
-8.510207912523733e-5
0.0037215348717268737
-2.8646204086726377e-5
-8.592401847121184e-5
0.0008475846599188546
-9.735046094597033e-5
-9.735046094600207e-5
0.001820029845655782
-8.581052230553347e-5
-8.581052230566043e-5
0.0027684198242638055
-8.515447400859463e-5
-8.515447400886298e-5
0.0037217722624714056
-8.590669499275836e-5
-8.590669499319876e-5
0.000841330465052165
9.786370674279005e-5
-3.216091063281704e-5
0.0018208113204972445
8.582373428656866e-5
-2.882426494008075e-5
0.002768780899732048
8.510207912516429e-5
-2.83145917530546e-5
0.0037215348717268802
8.592401847109753e-5
-2.864620408718953e-5
0.0008350778017800759
3.231604424133322e-5
-3.231604424134572e-5
0.0018215744678641457
2.882300315688724e-5
-2.882300315692725e-5
0.0027691519162664968
2.8302697714144423e-5
-2.8302697714223607e-5
0.003721294251898796
2.864940204659482e-5
-2.864940204671631e-5
0.0008350778017800712
-3.231604424130711e-5
-3.231604424134385e-5
0.0018215744678641362
-2.8823003156788007e-5
-2.8823003156923407e-5
0.0027691519162664846
-2.830269771393702e-5
-2.83026977142177e-5
0.003721294251898782
-2.864940204625325e-5
-2.864940204670891e-5
0.0008413304650521502
-9.786370674276301e-5
-3.2160910632811084e-5
0.0018208113204972163
-8.582373428646898e-5
-2.88242649400692e-5
0.002768780899732014
-8.51020791249568e-5
-2.8314591753037085e-5
0.0037215348717268347
-8.592401847075548e-5
-2.8646204087166905e-5
0.0008413304650521569
9.786370674279093e-5
3.216091063276317e-5
0.0018208113204972289
8.582373428657189e-5
2.8824264939894734e-5
0.0027687808997320282
8.510207912516985e-5
2.8314591752677333e-5
0.0037215348717268555
8.592401847110488e-5
2.8646204086590492e-5
0.0008350778017800683
3.2316044241334676e-5
3.231604424129432e-5
0.0018215744678641312
2.8823003156890803e-5
2.8823003156747943e-5
0.0027691519162664764
2.8302697714150165e-5
2.8302697713857455e-5
0.003721294251898775
2.864940204660216e-5
2.86494020461321e-5
0.0008350778017800628
-3.231604424130508e-5
3.231604424129593e-5
0.0018215744678641214
-2.8823003156784128e-5
2.8823003156751683e-5
0.002769151916266466
-2.8302697713931014e-5
2.8302697713863086e-5
0.0037212942518987592
-2.8649402046245925e-5
2.8649402046139503e-5
0.0008413304650521417
-9.786370674276062e-5
3.21609106327677e-5
0.0018208113204972013
-8.582373428646484e-5
2.8824264939905854e-5
0.0027687808997319927
-8.510207912495049e-5
2.8314591752694402e-5
0.0037215348717268113
-8.592401847074833e-5
2.8646204086612312e-5
0.000847584659918844
9.735046094599595e-5
9.735046094595379e-5
0.0018200298456557639
8.581052230563478e-5
8.581052230548563e-5
0.002768419824263781
8.515447400880683e-5
8.515447400850339e-5
0.0037217722624713822
8.590669499310706e-5
8.590669499262255e-5
0.0008413304650521438
3.2160910632805765e-5
9.786370674275007e-5
0.0018208113204972048
2.88242649400441e-5
8.582373428642879e-5
0.0027687808997319953
2.831459175298094e-5
8.51020791248769e-5
0.0037215348717268186
2.8646204087075185e-5
8.592401847063487e-5
0.0008413304650521395
-3.216091063277312e-5
9.786370674275122e-5
0.0018208113204971957
-2.8824264939930414e-5
8.582373428643237e-5
0.0027687808997319836
-2.831459175275065e-5
8.510207912488232e-5
0.0037215348717268074
-2.8646204086704367e-5
8.592401847064197e-5
0.0008475846599188303
-9.735046094596255e-5
9.735046094595734e-5
0.0018200298456557368
-8.581052230552054e-5
8.581052230549643e-5
0.0027684198242637443
-8.515447400857629e-5
8.51544740085198e-5
0.0037217722624713384
-8.590669499273616e-5
8.590669499264376e-5
