0.0
0.0
0.0
0.0
-0.03222231850822598
0.1938305103530407
-0.032371292121742716
0.22653878744864805
0.032151477923326954
0.2260102574605388
0.0
0.0
0.0
0.0
0.0
0.0
0.0
0.0
0.0
0.0
0.0
0.0
0.0
0.0
0.0
0.0
0.0
0.0
0.0
0.0
0.0
0.0
0.0
0.0
0.0
0.0
0.0
0.0
0.0
0.0
0.0
0.0
0.0
0.0
0.0
0.0
0.0
0.0
-0.0008052073038397336
0.00046959946036215434
-0.001475825942523954
0.0007736520623766038
-0.0021150710142361826
0.0010858320880438289
-0.0027463632463958295
0.0014254816347450774
-0.003373641641747155
0.0018098855113877995
-0.00399763210643662
0.0022463196190714158
-0.00461796507437044
0.002738919768176607
-0.0052340355399887765
0.003289840929819978
-0.005845227434927622
0.0039001439528342165
-0.006451000433694741
0.004570214448018692
-0.007050911347716778
0.005300018527150225
-0.007644611694118677
0.006089257332473582
-0.008231835653213396
0.0069374648379205385
-0.00881238538181899
0.007844070346381451
-0.009386116740786349
0.00880843864949287
-0.009952926753270473
0.009829895716208438
-0.010512743212261044
0.010907744945154216
-0.011065516412832398
0.012041277265968214
-0.011611212778070376
0.013229777261869937
-0.012149810071409835
0.014472526753112433
-0.012681293881684097
0.015768806791147734
-0.013205655095716362
0.017117898683625187
-0.013722888116369633
0.018519084448828157
-0.014232989630028444
0.019971646950517195
-0.014735957770383354
0.021474869867016234
-0.015231791562348287
0.023028037585570222
-0.015720490560161497
0.024630435073264127
-0.016202054617486968
0.026281347751327275
-0.016676483745450367
0.02798006138510525
-0.017143778027995344
0.02972586199374411
-0.017603937573705427
0.03151803577928902
-0.018056962490167264
0.0333558690728804
-0.018502852871774843
0.03523864829503526
-0.01894160879516492
0.03716565992700598
-0.01937323031867383
0.03913619049054437
-0.01979771748364474
0.04114952653384999
-0.020215070316334127
0.04320495462193717
-0.020625288829737673
0.045301761330059614
-0.02102837302500024
0.047439233239163034
-0.021424322892274156
0.049616656932595975
-0.021813138411000525
0.051833318993503456
-0.02219481954964661
0.05408850600246361
-0.02256936626496276
0.056381504535022116
-0.02293677850084071
0.05871160115883539
-0.023297056186871407
0.061078082430167796
-0.02365019923672217
0.06348023488949829
-0.0239962075464844
0.06591734505599568
-0.024335080993188585
0.06838869942061251
-0.024666819433747416
0.07089358443753979
-0.024991422704672823
0.07343128651375991
-0.025308890623023637
0.07600109199643684
-0.025619222989181723
0.07860228715790359
-0.025922419592230725
0.08123415817804942
-0.026218480218927673
0.08389599112398864
-0.02650740466751954
0.08658707192701862
-0.026789192767969833
0.08930668635706557
-0.027063844410528823
0.09205411999509124
-0.02733135958501034
0.09482865820431739
-0.027591738433628898
0.09762958610164756
-0.027844981320806813
0.1004561885313617
-0.028091088923977308
0.10330775004407428
-0.028330062350082237
0.10618355488513069
-0.028561903283179535
0.10908288699813092
-0.02878661416932208
0.11200503005118845
-0.029004198445621278
0.11494926749594706
-0.029214660821135965
0.11791488267238945
-0.029418007617893656
0.12090115897623034
-0.029614247180909853
0.12390738011035081
-0.029803390366473715
0.12693283044755335
-0.029985451118156887
0.12997679553920036
-0.030160447139923347
0.1330385628135232
-0.030328400675320232
0.13611742251921527
-0.030489339400972516
0.1392126689853901
-0.030643297441471665
0.1423236022896942
-0.030790316511253565
0.14544953045486372
-0.030930447187265002
0.1485897723344797
-0.03106375031424249
0.1517436614080633
-0.031190298542481565
0.1549105507959555
-0.031310177996327036
0.15808981994674945
-0.031423490070830166
0.1612808836839655
-0.03153035335382022
0.16448320469621103
-0.03163090567597634
0.1676963112849091
-0.03172530627903067
0.17091982348499568
-0.031813738186815654
0.17415349382738454
-0.031896410316146095
0.17739727320931487
-0.0319735611442013
0.1806514397734298
-0.0320454454172007
0.18391680702952834
-0.032112323730754934
0.1871955989980802
-0.03217356432235738
0.19049171762487915
-0.03225273370618517
0.19717014800316632
-0.03227159011308689
0.20046887028817867
-0.032286675705594264
0.2037522369052017
-0.03229958355118026
0.20702452297551113
-0.03231104285628558
0.21028851869266282
-0.03232181418637376
0.21354584756011355
-0.03233267429087534
0.21679791618840769
-0.032344349495471054
0.220046220094623
-0.03235730184355719
0.22329255603961978
-0.02912465998382034
0.22649087458135128
-0.02587815500383945
0.22644195041774084
-0.022633672623002317
0.2263918949182505
-0.019392899628777504
0.22634143778765273
-0.016156883679537853
0.226291687410102
-0.012926050436034073
0.22624383486804298
-0.009700301779106186
0.22619898668316607
-0.0064791341172153625
0.22615807292554624
-0.0032617527652683276
0.22612180303270307
-4.7172283371007576e-5
0.22609065101537143
0.0031656996357032896
0.22606485670873575
0.006377992382593819
0.22604443392471324
0.009590811895369714
0.22602918000346636
0.012805183281873427
0.2260186841468504
0.01602198949388855
0.22601233427232725
0.019241897158921682
0.2260093247891584
0.02246525692870064
0.22600867283456869
0.025691959994596433
0.22600926499902277
0.028921227198528004
0.22601000411144676
0.03215173155452114
0.2227800836790928
0.03215247491552509
0.2195489273025112
0.032153087206559926
0.21631520114806566
0.032152487865630665
0.2130780923013836
0.03214956962331842
0.20983741646626003
0.0321433259500334
0.20659340340255541
0.03213287862907373
0.2033465583576402
0.032117475997260926
0.2000975733899601
0.032096483371564684
0.19684726906312583
0.03206937227311213
0.19359655418415317
0.03203571023465481
0.19034639644659054
0.03199515134495031
0.1870977998975666
0.03194742721652187
0.1838517869912293
0.03189233805245877
0.1806093840807366
0.031829743643358076
0.17737160980751285
0.03175955431046741
0.17413946613684364
0.031681721958849066
0.17091393188006704
0.03159623148765928
0.16769595852313451
0.03150309282117939
0.1644864681141144
0.03140233378704181
0.1612863528928225
0.031293993997275796
0.15809647629998386
0.031178119804101213
0.154917674991285
0.0310547603227915
0.15175076150207598
0.030923964449501497
0.14859652725343608
0.03078577875779563
0.1454557456493644
0.03064024613391673
0.14232917507815263
0.03048740500463844
0.13921756169088423
0.03032728901837334
0.13612164188165454
0.030159927055370267
0.13304214443527634
0.02998534346222931
0.12997979233865756
0.029803558426451777
0.1269353042727222
0.029614588426210658
0.12390939581436128
0.029418446707734667
0.1209027803842764
0.02921514375710415
0.11791616997847472
0.02900468774477448
0.11495027572006558
0.02878708492998411
0.11200580826506784
0.028562340018719847
0.10908347809204216
0.028330456473511838
0.1061839957011221
0.02809143677641161
0.10330807174382953
0.027845282648427932
0.10045641710116954
0.027591995229761548
0.09762974292403842
0.027331575225638248
0.0948287606469858
0.027064023022584118
0.09205418198385862
0.02678933877976251
0.08930671891178371
0.02650752249961213
0.08658708364827612
0.02621857408156202
0.08389598862492932
0.025922493362109132
0.08123414646011373
0.0256192801440634
0.07860226993231437
0.02530893421731177
0.07600107195514254
0.024991455373044088
0.07343126555462001
0.02466684341302202
0.07089356384901715
0.024335098155158958
0.06838868003130885
0.023996219436413675
0.06591732735416539
0.023650207113777178
0.06348021911730554
0.023297061063948316
0.061078068656987526
0.022936781182142825
0.058711589337394204
0.022569367380358047
0.05638149454366786
0.022194819585316036
0.05408849767636684
0.02181313773622856
0.05183331214714389
0.021424321782462858
0.04961665137548477
0.021028371681135707
0.047439228786394116
0.020625287394624006
0.04530175780897688
0.020215068887951496
0.043204951875942525
0.01979771612599959
0.041149524424157466
0.01937322907049876
0.039136188896504644
0.01894160767680318
0.037165658745477
0.018502851890553493
0.035238647439156764
0.018056961644528746
0.033355868470513125
0.0176039368563322
0.03151803537130664
0.017143777428128528
0.02972586173230791
0.016676483250571528
0.02798006123200737
0.016202054214503894
0.02628134767645603
0.015720490236213167
0.024630435053220545
0.015231791305322604
0.023028037602448318
0.014735957569222228
0.021474869907347243
0.014232989474879134
0.019971647004370426
0.01372288799862807
0.018519084509056486
0.013205655007997669
0.017117898745240584
0.012681293817746565
0.015768806850810998
0.01214981002605196
0.014472526808721688
0.011611212747014928
0.013229777312232998
0.011065516392607389
0.012041277310545332
0.01051274320008414
0.010907744983858875
0.00995292674694108
0.009829895749255534
0.009386116738587672
0.008808438677285082
0.008812385382431225
0.007844070369425912
0.008231835655638202
0.006937464856769315
0.007644611697614552
0.00608925734768261
0.00705091135174459
0.005300018539252203
0.00645100043787242
0.004570214457506515
0.005845227438992951
0.0039001439601520794
0.005234035543769176
0.0032898409353600243
0.004617965077758791
0.0027389197722794286
0.0039976321093721165
0.0022463196220291054
0.0033736416442004167
0.0018098855134486072
0.0027463632483575432
0.0014254816361187752
0.002115071015708637
0.0010858320889072552
0.0014758259435151053
0.0007736520628754436
0.0008052073043534875
0.00046959946061632423
0.0005753446870359071
0.00027493654038475895
0.001202248077674414
0.000591953476260859
0.0018054548571946579
0.0009026830856674559
0.0023925649068710507
0.0012444247433623203
0.002969295414797794
0.001630178185537216
0.0035386197866834872
0.002068001771121381
0.004101820020503601
0.0025620251232988875
0.004659368990554
0.0031144662395788847
0.005211362991641862
0.003726391069512976
0.005757734634768114
0.004398177713930249
0.0062983567502789975
0.005129777629132808
0.006833092079233886
0.005920876222000786
0.007361815435068689
0.00677099294035757
0.007884421857146731
0.007679544764223732
0.008400827834063885
0.008645886559923016
0.008910969353270258
0.009669336597861988
0.009414798760126434
0.010749192479395342
0.009912281437799583
0.01188474087605093
0.010403392783476488
0.013075263311758593
0.010888115664461228
0.014320039453244013
0.011366438384833486
0.01561834886549093
0.011838353119637221
0.016969471849939216
0.0123038547441438
0.018372689757248723
0.012762939980036884
0.01982728501746371
0.013215606786374448
0.021332541033500015
0.013661853934026698
0.022887742022028007
0.014101680714214217
0.024492172847299508
0.014535086742891109
0.026145118870208775
0.014962071832226472
0.02784586582140926
0.01538263590813096
0.029593699699962606
0.015796778958756443
0.03138790669536526
0.016204501003402934
0.0332277731293238
0.016605802074575522
0.035112585413363886
0.017000682208307482
0.03704163001866241
0.01738914143953258
0.0390141934550443
0.01777117980043752
0.04102956225669468
0.01814679732049856
0.04308702297270327
0.018515994027416983
0.045185862161046746
0.018878769948496136
0.04732536638501014
0.019235125112207048
0.04950482221136126
0.01958505954981149
0.05172351620983174
0.0199285732969771
0.05398073495363942
0.02026566639534996
0.0562757650209268
0.020596338894054492
0.05860789299709234
0.02092059085107865
0.06097640547807639
0.02123842233447557
0.06338058907472433
0.021549833423273868
0.0658197304184052
0.02185482420793797
0.06829311616810388
0.02215339479015337
0.07080003301923762
0.022445545281631393
0.07333976771447198
0.022731275801527798
0.0759116070568143
0.023010586471949104
0.07851483792525367
0.023283477410875584
0.08114874729317323
0.023549948721658456
0.08381262224968068
0.023810000478050215
0.08650575002386848
0.024063632703498348
0.08922741801180832
0.024310845343178216
0.09197691380578203
0.024551638226962814
0.0947535252248209
0.02478601102123689
0.09755654034504362
0.025013963167172557
0.10038524752748625
0.025235493802820433
0.10323893544008665
0.025450601666165487
0.10611689306913903
0.025659284976201586
0.10901840971383085
0.025861541289160083
0.11194277495534863
0.026057367327376464
0.11488927858943342
0.026246758779010643
0.117857210508145
0.02642971006810139
0.12084586051293886
0.02660621409641425
0.12385451803701017
0.026776261961448906
0.12688247175032566
0.026939842659046375
0.12992900901607576
0.027096942784531862
0.1329934151628324
0.027247546253476116
0.13607497253309533
0.02739163407213175
0.13917295926705886
0.027529184198435006
0.14228664778153702
0.02766017154697515
0.14541530290963817
0.0277845682049836
0.14855817967884985
0.027902343940182078
0.15171452072575484
0.028013467093640134
0.15488355337655055
0.02811790595937181
0.15806448646522026
0.028215630754380192
0.16125650701561062
0.028306616275036927
0.1644587769777241
0.0283908453150463
0.1676704302772874
0.02846831288479813
0.17089057050297243
0.028539031221736542
0.1741182696065897
0.028603035519640232
0.17735256801617644
0.028660390238323227
0.18059247655040192
0.028711195794505966
0.18383698047216948
0.02875559539132316
0.18708504593902922
0.02879378172791982
0.1903356290246384
0.028826003344090724
0.19358768744649812
0.028852570385500678
0.19684019521093576
0.028873859586539548
0.2000921606719829
0.028890318188180625
0.20334264912326508
0.02890246620971476
0.2065908121806833
0.028910895762876213
0.20983592814633065
0.028916264615725797
0.21307746074072692
0.02891927881339369
0.21631514860319426
0.028920657573975904
0.21954914487751762
0.028921089579175004
0.22278022000077619
0.00048441812958245725
0.00018116833931218265
0.00100194068042697
0.000440415428723645
0.0015346474082416103
0.0007422076436458718
0.00206201408489112
0.001081543792597653
0.0025814664506920004
0.0014678361411553276
0.003093355289708365
0.0019068981471000686
0.0035984575560409626
0.002402448569628108
0.0040973384594670485
0.0029565311975668757
0.0045903362850686635
0.0035701588874823297
0.005077629263231472
0.004243685827146183
0.005559298387614615
0.004977051468839911
0.006035370319413555
0.005769933610598049
0.006505843921909985
0.006621846377608815
0.00697070565748766
0.0075322028665324
0.007429938013373396
0.008500355119315434
0.007883523766948201
0.009525619392053845
0.00833144787219334
0.010607291887532537
0.008773698053089507
0.011744658334636143
0.0092102647446927
0.012936999641941612
0.009641140746684556
0.014183595088427788
0.010066320787465556
0.015483724004682273
0.010485801098744795
0.016836666557774774
0.010899579044703775
0.018241704026997558
0.011307652819417592
0.01969811880913509
0.011710021210835966
0.02120519429573916
0.012106683422817366
0.02276221470380749
0.012497638944582862
0.024368464903434563
0.012882887457208612
0.026023230263314205
0.013262428768090551
0.027725796521943288
0.013636262765964795
0.029475449685353244
0.014004389390683934
0.03127147594879245
0.014366808613364892
0.03311316163846618
0.014723520423684286
0.03499979316925748
0.015074524822007315
0.03693065701472587
0.015419821814724365
0.038905039686275185
0.015759411411677457
0.04092222771901558
0.01609329362492295
0.04298150766242787
0.016421468468332683
0.045082166074433654
0.016743935957711127
0.04722348951787562
0.01706069611122255
0.04940476455872631
0.017371748949996556
0.05162527776558445
0.01767709449882465
0.05388431571019935
0.017976732786882825
0.05618116496890356
0.01827066384842196
0.05851511212493692
0.018558887723361638
0.060885443771730184
0.018841404457706393
0.0632914465172801
0.01911821410367738
0.06573240698980187
0.01938931671941655
0.0682076118448915
0.019654712368073625
0.07071634777446227
0.01991440111602922
0.0732579015177503
0.02016838302993649
0.07583155987469108
0.020416658172179414
0.07843660972196417
0.020659226594246592
0.08107233803196945
0.020896088327403105
0.08373803189492172
0.02112724336991205
0.08643297854412918
0.021352691669910103
0.08915646538431807
0.021572433102882364
0.09190778002257784
0.021786467442514983
0.09468621030107686
0.021994794323539277
0.09749104433012652
0.022197413195028784
0.10032157051938241
0.022394323262491904
0.10317707760394083
0.022585523417042837
0.10605685466074195
0.022771012149966675
0.10896019110897492
0.022950787451171264
0.11188637668602715
0.023124846690397955
0.1148347013878751
0.02329318648072484
0.11780445535961553
0.023455802524938597
0.12079492871807958
0.02361268944689075
0.1238054112841593
0.023763840612133998
0.1268351921977246
0.023909247945107338
0.12988355938300752
0.024048901754083276
0.13294979882747177
0.024182790580170106
0.13603319363303398
0.02431090109303231
0.13913302279596218
0.024433218063738514
0.1422485596720453
0.024549724454246656
0.14537907008831516
0.024660401673269338
0.14852381007368795
0.024765230059097525
0.1516820232005747
0.024864189660427728
0.15485293756003604
0.024957261394766297
0.15803576243611953
0.025044428668305137
0.16122968480120542
0.02512567953830208
0.16443386582195105
0.02520100948550282
0.16764743764022838
0.025270424836653944
0.17086950076709612
0.025333946833394096
0.17409912248855938
0.025391616283836134
0.17733533671585858
0.025443498660631173
0.1805771457076824
0.025489689432067197
0.18382352404086233
0.025530319341964185
0.18707342511628552
0.025565559301482927
0.19032579038345687
0.025595624529025068
0.19357956139890392
0.025620777571246412
0.1968336948734216
0.025641329844076063
0.20008718110658166
0.02565764132391689
0.20333906676993468
0.02567011798780344
0.2065884840162242
0.02567920663679204
0.2098346894954238
0.02568538729064524
0.2130771190628709
0.025689165926372166
0.21631546613754335
0.025691079298646384
0.21954979015455414
0.025691739681779943
0.22278064685677687
0.0004106018283577748
0.0001235477670828226
0.0008474818315138528
0.00033528074386453873
0.0013004019378438545
0.0006117523125925498
0.0017585067119805639
0.0009421861623803196
0.002214172419399254
0.0013255357244481073
0.00266481310095433
0.0017643461112191608
0.003109709002562834
0.0022607692077570296
0.0035488196163326585
0.002816226609620626
0.003982289483679239
0.0034314467723210317
0.004410285113885285
0.004106654595818183
0.004832946657240969
0.0048417287477374935
0.005250380106088114
0.005636319152252209
0.005662661643173584
0.006489928144756512
0.006069844465074234
0.007401965022286615
0.006471964999966669
0.008371781893753592
0.006869047805100446
0.00939869679993909
0.007261109192899367
0.010482008319037912
0.007648159832353984
0.011621004572355074
0.008030206580389046
0.012814968609792473
0.008407253753706235
0.014063181500843274
0.00877930400157712
0.015364924005677273
0.009146358897600777
0.01671947739370262
0.009508419335641881
0.018126123770525145
0.009865485790787215
0.01958414613748598
0.010217558488353288
0.02109282831890997
0.010564637511095877
0.02265145483534422
0.010906722865522753
0.02425931076562396
0.011243814521622618
0.025915681619158155
0.011575912435675769
0.027619853227350204
0.011903016562569865
0.02937111165620163
0.012225126861813393
0.031168743138687824
0.01254224329992517
0.03301203402402578
0.012854365850868956
0.034900270740587165
0.013161494495540991
0.0368327397694058
0.01346362922089467
0.03880872762566524
0.013760770019021538
0.04082752084605813
0.014052916886346996
0.04288840598038836
0.01434006982300497
0.044990669586207475
0.014622228832402792
0.04713359822561687
0.014899393920959847
0.04931647846364229
0.015171565097988988
0.05153859686779647
0.015438742375682556
0.05379924000860911
0.01570092576916009
0.05609769446102572
0.015958115296529338
0.05843324680667531
0.016210310978905157
0.06080518363708201
0.016457512840320182
0.06321279155795853
0.016699720907446126
0.06565535719477239
0.016936935209025082
0.06813216719981782
0.017169155774884554
0.07064250826106638
0.017396382634378028
0.07318566711309249
0.01761861581405466
0.07576093055038695
0.01783585533431555
0.07836758544336636
0.018048101204760407
0.08100491875735856
0.018255353417867316
0.08367221757477333
0.018457611940579266
0.08636876912055333
0.018654876703297144
0.08909386079080918
0.018847147585698734
0.09184678018426304
0.019034424398723826
0.09462681513572106
0.01921670686198913
0.09743325375023565
0.0193939945758303
0.10026538443585774
0.019566286987123642
0.10312249593187349
0.019733583348026374
0.10600387732810516
0.01989588266681339
0.1089088180691765
0.020053183650098113
0.11183660793553005
0.02020548463593703
0.11478653699037673
0.020352783517669778
0.11775789547859469
0.020495077658885006
0.12074997365985256
0.020632363800693058
0.12376206155390462
0.020764637963607554
0.12679344857117492
0.02089189534790069
0.1298434229965742
0.02101413023843744
0.13291127128929764
0.021131335922895
0.13599627715665594
0.02124350463616344
0.1390977203565714
0.02135062754887347
0.14221487518239034
0.021452694824703047
0.1453470085866138
0.021549695779638448
0.14849337790907602
0.02164161918680829
0.15165322819231375
0.021728453782618364
0.15482578909504194
0.021810189042760476
0.15801027145619806
0.021886816308272345
0.16120586361862188
0.021958330348790623
0.1644117276929229
0.022024731447505785
0.16762699602529005
0.022086028073938682
0.17085076822037112
0.022142240170352552
0.17408210914944294
0.022193403011332078
0.177320048428124
0.022239571504644253
0.18056358185879753
0.022280824693190513
0.1838116752871053
0.02231727010929145
0.18706327121823824
0.02234904754689953
0.19031729839697956
0.022376331779824763
0.1935726844216323
0.022399333787005735
0.19682837140781384
0.022418300168933345
0.2000833348312783
0.022433510684676184
0.20333660604222123
0.022445274296870453
0.20658729959437425
0.02245392503385787
0.2098346473708673
0.022459820950662915
0.21307804203954503
0.022463353571606743
0.21631709123800638
0.022464981780980938
0.21955167801976233
0.022465310415464238
0.22278201680885976
0.00034559192807556954
8.379279213763858e-5
0.0007107134960493457
0.00025962835038523073
0.0010904116630416675
0.0005112326438551863
0.0014776220631130957
0.0008279590115959572
0.0018664335292710931
0.0012051319927572236
0.0022530831516162915
0.001641668278109303
0.0026357810798631576
0.002137845684005349
0.0030137884500591387
0.0026940697578328988
0.0033868796652357152
0.003310550161990976
0.0037550534532675996
0.003987242222350798
0.004118394507098465
0.004723886491092404
0.004477009805116697
0.005520063927575491
0.004831001341644598
0.006375244800313018
0.00518045604130133
0.007288825858474737
0.005525443575326658
0.00826015668988479
0.005866017585949329
0.009288557606054442
0.006202218159486511
0.010373331389232767
0.0065340745313897265
0.01151377078788063
0.006861607573251172
0.012709163160325746
0.007184831893795187
0.013958793255800123
0.007503757523821693
0.015261944809594417
0.007818391218570673
0.01661790140357638
0.008128737435732315
0.018025946886092766
0.008434799052255023
0.01948536553840306
0.008736577878477697
0.020995442103715692
0.009034075019548162
0.02255546174860164
0.009327291124589163
0.024164709997060517
0.009616226555151082
0.025822472659184047
0.009900881496802436
0.02752803576531008
0.01018125603144299
0.029280685510159284
0.010457350183015057
0.031079708207939514
0.010729163945562562
0.03292439025764951
0.010996697299831552
0.0348140181170779
0.011259950222615235
0.036747878283820354
0.01151892269163714
0.03872525728174876
0.011773614687789527
0.04074544165159941
0.012024026195879618
0.042807717944613015
0.012270157204593476
0.04491137271841329
0.01251200770609886
0.04705569253453062
0.012749577695523916
0.049239963957161584
0.012982867170433928
0.051463473552902754
0.013211876130359741
0.053725507891314334
0.013436604576390072
0.05602535354626362
0.013657052510817445
0.05836229709807374
0.013873219936814375
0.06073562513656628
0.014085106858108815
0.06314462426513928
0.014292713278622965
0.06558858110606866
0.014496039202035094
0.06806678230726222
0.014695084631219435
0.07057851455072855
0.014889849567512955
0.07312306456305141
0.01508033400975102
0.0756997191281726
0.015266537953004974
0.07830776510278645
0.015448461386944569
0.08094648943462283
0.01562610429373648
0.08361517918383261
0.015799466645377364
0.08631312154758357
0.015968548400344833
0.0890396038877976
0.016133349499434978
0.09179391376169968
0.016293869860636617
0.09457533895447291
0.01645010937287402
0.09738316751278894
0.016602067888426515
0.10021668777727338
0.016749745213806923
0.10307518841102066
0.016893141098846067
0.10595795842004119
0.017032255223686427
0.10886428715994276
0.017167087183328687
0.11179346432116297
0.01729763646929797
0.11474477988259889
0.017423902447897984
0.11771752402048248
0.01754588433440582
0.12071098695576757
0.017663581162439244
0.12372445871910948
0.01777699174763947
0.12675722880777007
0.017886114644825
0.12980858570355988
0.017990948098019904
0.1328778162154711
0.01809148998346165
0.135964204605329
0.018187737747197827
0.13906703145023025
0.018279688341695802
0.14218557219267683
0.018367338170700742
0.14531909532950116
0.018450683059226876
0.14846686019582303
0.018529718276926364
0.15162811431283185
0.018604438658785128
0.15480209029128816
0.018674838887055754
0.15798800231979918
0.018740914021025918
0.16118504232161954
0.01880266038279456
0.1643923759383292
0.018860076920823837
0.16760913859283844
0.018913167168692045
0.17083443199235035
0.018961941882472803
0.17406732154153015
0.019006422366315112
0.1773068352262542
0.019046644378615616
0.18055196457150888
0.01908266235977728
0.18380166824570646
0.01911455356275456
0.18705487876085322
0.01914242154144993
0.1903105125102831
0.01916639841166053
0.19356748313259511
0.019186645397544545
0.1968247179631242
0.019203351462193922
0.2000811772163188
0.019216730348363117
0.20333587558912042
0.019227017218036095
0.20658790614582853
0.019234467456727296
0.2098364663912387
0.019239362367365724
0.21308088574500658
0.019242029503210623
0.216320651041302
0.019242888568945668
0.2195554216132168
0.019242538079253288
0.22278501534051848
0.0002845086871151948
5.5193547628975016e-5
0.0005836549988038836
0.00020407035884725512
0.000894623198264232
0.0004345702728333432
0.0012131061671012407
0.0007373774077111313
0.0015347579799743786
0.0011066684554971984
0.0018562547420880318
0.0015394288152960174
0.00217548238658846
0.002034277445092979
0.0024913010920130513
0.00259056025329755
0.0028031778818690327
0.0032078451716830506
0.0031109210169419574
0.0038857177677135307
0.003414513261523567
0.004623711117623928
0.003714016608827672
0.00542129415337923
0.004009520829713262
0.006277880150159192
0.004301117499137756
0.007192839985969305
0.004588888246209795
0.008165514389249501
0.0048729006499690294
0.00919522358441838
0.005153208015689186
0.010281274314511438
0.0054298509229977875
0.011422964717162422
0.0057028594009693985
0.012619587597837545
0.0059722551414498
0.013870432567324457
0.006238053477609822
0.015174787401932533
0.006500265028749624
0.016531938885768843
0.006758897003269434
0.017941173315921554
0.0070139541946254
0.019401776793296792
0.0072654397211222195
0.02091303538060022
0.00751335556217766
0.022474235180455222
0.007757702938630596
0.024084662367380525
0.007998482576958612
0.025743603194570225
0.008235694889184601
0.027450343988101256
0.008469340092887242
0.029204171135890977
0.008699418289528629
0.031004371075426113
0.008925929514350901
0.03285023028228928
0.00914887376727129
0.034741035260347455
0.009368251031347443
0.036676072533829394
0.00958406128330144
0.03865462864119665
0.00979630449910587
0.04067599013057572
0.010004980656599048
0.04273944355649018
0.010210089736387576
0.044844275477649846
0.010411631721819475
0.04698977245560462
0.010609606598500408
0.04917522105412303
0.010804014353627244
0.05139990783921423
0.01099485497529019
0.05366311937976232
0.01118212845182265
0.05596414224879337
0.011365834771238316
0.0583022630254369
0.011545973920776267
0.0606767682976882
0.011722545886570018
0.06308694466611425
0.011895550653460275
0.0655320787486838
0.012064988204980963
0.0680114571869346
0.012230858523562592
0.0705243666537219
0.01239316159101531
0.0730700938628149
0.012551897389375424
0.07564792558062093
0.012707065902224543
0.07825714864031919
0.012858667116618821
0.08089704995865903
0.013006701025797134
0.08356691655562964
0.013151167632870584
0.08626603557710627
0.013292066955730309
0.08899369432042752
0.013429399033442571
0.09174918026262313
0.01356316393442597
0.09453178109067734
0.013693361766719522
0.09734078473274785
0.013819992690641563
0.10017547938862624
0.013943056934095923
0.10303515355688742
0.014062554810686223
0.10591909605507674
0.014178486740626736
0.1088265960278791
0.01429085327416261
0.11175694293643677
0.014399655116795326
0.11470942651977162
0.014504893155013817
0.11768333671656254
0.014606568480417617
0.12067796353226136
0.014704682409054433
0.12369259683266173
0.014799236491470654
0.12672652604053639
0.014890232507427836
0.1297790397068477
0.014977672437587516
0.13284942492239435
0.01506155840296427
0.13593696652978118
0.015141892562039391
0.13904094608964288
0.015218676955842803
0.14216064054973274
0.015291913294122904
0.145295320561829
0.015361602682390197
0.1484442483909961
0.015427745301910508
0.15160667536702913
0.01549034007444569
0.15478183884241983
0.01554938437193297
0.15796895864975471
0.015604873867961819
0.1611672331000402
0.015656802669299887
0.16437583463833197
0.015705163903433572
0.1675939053787566
0.015749950957790283
0.1708205528768562
0.015791159548549594
0.1740548466523932
0.01582879072148064
0.17729581612501183
0.015862854741482645
0.18054245072739922
0.015893375617976456
0.18379370296475958
0.015920395775684937
0.18704849504969512
0.01594398018198566
0.1903057294393671
0.01596421917198309
0.19356430316566528
0.015981229360522892
0.19682312535807642
0.015995152464808243
0.20008113691663093
0.016006152619345824
0.20333733096771545
0.016014413862188357
0.20659077247941432
0.016020140909572513
0.20984061497263426
0.016023568049112587
0.21308611113223733
0.016024982668661477
0.21632661171323705
0.016024771177082134
0.21956154264673758
0.016023494085237285
0.22279034271692225
0.00022571049824998598
3.4390795789935245e-5
0.0004621870682694555
0.0001632160619300897
0.0007077911940690786
0.0003769557462583618
0.0009598114797276133
0.0006675358137745573
0.0012152638241416144
0.0010289920777283392
0.0014715488858576286
0.0014573733490279954
0.0017267701108236119
0.0019502203257389533
0.0019797238259192697
0.002505991663493354
0.0022297421521473852
0.003123639380672208
0.002476510285287852
0.0038023524720555367
0.0027199232614029747
0.0045414229015343565
0.002959988636916226
0.005340180102122595
0.003196766258376051
0.006197961407649592
0.0034303336405205934
0.007114099979099454
0.0036607676822676756
0.008087920878200445
0.003888136199527794
0.009118740691516367
0.0041124950218766184
0.010205868535592076
0.004333888013266117
0.011348607454666752
0.004552348449954621
0.012546255787739605
0.004767900871732453
0.01379810834614343
0.004980562941742051
0.015103457362981708
0.005190347098020586
0.016461593227258906
0.005397261919697254
0.017871805034565327
0.0056013132044975536
0.019333380990204447
0.005802504788861937
0.020845608698111324
0.006000839154555403
0.022407775363908533
0.006196317866515112
0.024019167934940615
0.006388941882008569
0.02567907319502217
0.0065787117644445945
0.02738677782727671
0.006765627828252587
0.029141568454916437
0.006949690235011557
0.030942731667061456
0.007130899055805686
0.032789554034615025
0.007309254310649146
0.03468132211967277
0.007484755992658301
0.03661732248083447
0.00765740408229641
0.038596841676002386
0.00782719855531008
0.04061916626370683
0.00799413938676761
0.04268358280363323
0.008158226552769637
0.04478937785678227
0.00831946003083286
0.04693583798554169
0.008477839799568667
0.04912224975385247
0.008633365838034148
0.051347899727602064
0.008786038124980178
0.0536120744753511
0.008935856638131016
0.05591406056949412
0.00908282135358138
0.058253144587962644
0.009226932245376773
0.060628613116591866
0.009368189285341869
0.06303975275229388
0.00950659244323397
0.06548585010720312
0.009642141687322067
0.06796619181398232
0.009774836985522792
0.07048006453250336
0.009904678307264532
0.07302675495813243
0.010031665626297214
0.07560554983186456
0.01015579892471972
0.07821573595254852
0.010277078198557426
0.08085660019142873
0.010395503465289843
0.0835274295091836
0.010511074773799312
0.08622751097556249
0.010623792217284399
0.08895613179159233
0.010733655949748906
0.09171257931413473
0.010840666206733825
0.09449614108229314
0.010944823330989971
0.09730610484478623
0.01104612780377957
0.10014175858687627
0.011144580282420777
0.10300239055474891
0.011240181644519386
0.10588728927433064
0.011332933039026454
0.1087957435603644
0.01142283594376866
0.11172704251008883
0.011509892228357452
0.11468047547402006
0.011594104220320074
0.11765533199404922
0.01167547477083468
0.12065090169628402
0.011754007314514203
0.12366647412267413
0.011829705915212898
0.12670133848141799
0.011902575286815193
0.12975478329133128
0.011972620774486088
0.132826095889713
0.012039848278152002
0.13591456176670266
0.012104264096524568
0.13901946368170837
0.012165874667633629
0.14214008050935562
0.012224686181971789
0.14527568575403693
0.012280704048990686
0.14842554566457714
0.012333932209564486
0.15158891687579215
0.012384372309440252
0.15476504350544917
0.012432022784911229
0.15795315364926948
0.012476877963960367
0.16115245525196067
0.01251892735234656
0.1643621314004304
0.0125581553462382
0.16758133519872156
0.012594541672761264
0.17080918455139485
0.012628062877770891
0.17404475739931058
0.012658695119661797
0.1772870881923317
0.012686418357581353
0.18053516658957225
0.012711221735843848
0.1837879394624147
0.012733109604860257
0.18704431714273143
0.012752107281840152
0.19030318444243888
0.012768265485503213
0.19356341627823107
0.012781662523742243
0.19682389686990426
0.012792403863506847
0.20008354061235542
0.01280061966496934
0.20334131200364067
0.012806462113417863
0.2065962414707745
0.01281010574752184
0.20984743339174974
0.012811755199505356
0.21309406171190182
0.012811665481967683
0.21633534686913536
0.012810179508609099
0.2195705050121467
0.012807784676090414
0.22279865713906946
0.00016830546932880512
1.953956775911212e-5
0.0003442000470657368
0.00013385521808116
0.0005267117078122755
0.00033499480145198044
0.000714157434725989
0.0006158191457254369
0.000904566474979295
0.0009705293376220229
0.001096089974569015
0.0013947767454298994
0.0012872519671292529
0.0018854649120024032
0.001477022827043279
0.002440426339378934
0.0016647680646831259
0.0030581124316112415
0.001850148095063849
0.0037373578560571303
0.002033017492612226
0.004477222621313517
0.0022133457988612964
0.005276893914309687
0.002391162825323343
0.0061356274032386285
0.0025665242989109907
0.007052713172741705
0.0027394920925918505
0.008027456514786084
0.002910124009462726
0.00905916752197388
0.003078469382718841
0.010147155805842904
0.0032445679614258806
0.011290728130500052
0.003408450479258339
0.01248918764376069
0.0035701399495304473
0.013741833929745184
0.0037296531520929813
0.015047963435848922
0.0038870020396604057
0.016406870025906437
0.004042194945616697
0.017817845530169796
0.004195237561098744
0.01928018023207135
0.0043461336927989825
0.020793163270718007
0.004494885831915656
0.022356082958648552
0.004641495570019209
0.023968227024102628
0.004785963895991331
0.025628882790592864
0.004928291403537586
0.027337337306816503
0.005068478433236234
0.02909287743860488
0.00520652516777032
0.03089478993267281
0.005342431694384467
0.03274236145992879
0.005476198044857954
0.034634878644295895
0.005607824220362072
0.036571628081475634
0.005737310206365256
0.03855189635087898
0.005864655981130985
0.04057497002301986
0.005989861520194381
0.04264013566397619
0.006112926798391151
0.04474667983802436
0.006233851790455726
0.04689388910919845
0.006352636470833254
0.04908105004228411
0.006469280813107875
0.05130744920359448
0.006583784789298812
0.05357237316177268
0.006696148369186879
0.0558751084888034
0.006806371519788755
0.058214941761381575
0.0069144542050807245
0.06059115956277479
0.007020396386078864
0.06300304848531439
0.00712419802140506
0.0654498951336585
0.0072258590685017835
0.06793098612898336
0.007325379485705459
0.07044560811427672
0.007422759235444123
0.07299304776091434
0.007517998288892598
0.07557259177671712
0.007611096632495449
0.07818352691568063
0.007702054276854987
0.08082513998955843
0.007790871268576407
0.0834967178814493
0.00787754770576327
0.08619754756147428
0.007962083757957001
0.08892691610454037
0.008044479691409354
0.09168411071003628
0.008124735900653043
0.0944684187231026
0.008202852947378301
0.09727912765682996
0.008278831607608825
0.10011552521434541
0.008352672928068227
0.10297689930923662
0.0084243782923974
0.10586253808208353
0.008493949497468777
0.10877172991000607
0.008561388839379328
0.11170376340503117
0.008626699207704893
0.11465792739569908
0.008689884185165014
0.11763351088458754
0.008750948147865237
0.12062980297226371
0.008809896358634151
0.12364609273546646
0.008866735042540772
0.12668166904393588
0.008921471429386008
0.1297358202960533
0.00897411374280972
0.1328078340480851
0.009024671109791514
0.13589699650501483
0.00907315335815936
0.1390025918323136
0.00911957066408885
0.14212390123713461
0.009163933007947038
0.14526020175403967
0.009206249397603236
0.14841076465458053
0.009246526827074334
0.15157485338293386
0.009284768960041415
0.15475172090427772
0.009320974568423799
0.15794060634490661
0.009355135821854951
0.1611407308144347
0.009387236617804112
0.16435129234849868
0.009417251259680447
0.16757146001878526
0.009445143912299357
0.1708003674507906
0.00947086935034922
0.17403710628209182
0.009494375504886797
0.17728072046720442
0.009515608137831498
0.18053020271701373
0.00953451759420033
0.1837844946138894
0.009551067027873849
0.18704249188698552
0.009565240906231781
0.19030305580720125
0.009577052203590784
0.1935650306252898
0.009586546743303493
0.1968272655731906
0.009593803794314796
0.20008863848921757
0.009598933222631056
0.20334807695899906
0.009602070982962481
0.2066045721773692
0.009603376123141728
0.20985718044078921
0.009603033367872008
0.21310500693925363
0.00960126538858148
0.21634716597738254
0.009598357673273801
0.21958271090699424
0.009594696022105
0.22281052668302673
0.00011177578156726972
9.550758609852882e-6
0.00022839878345486892
0.00011402609423437548
0.000349320316696793
0.0003064216757365
0.00047355793203339934
0.0005802269283498153
0.0005999180817635854
0.0009298506496466354
0.0007272270065787112
0.0013507972451207674
0.0008544960753815841
0.0018396240027853637
0.0009809934326767864
0.002393767310873056
0.0011062388395594446
0.0030113272547062525
0.0012299557143678223
0.0036908688907260063
0.0013520115884464677
0.004431264930755423
0.0014723649893141288
0.005231582146662388
0.0015910255455298039
0.0060910042283405935
0.001708027258459579
0.007008781679180631
0.0018234122415453286
0.007984200525646534
0.0019372217953767725
0.009016563550471538
0.0020494921827438417
0.010105179575068641
0.00216025318224837
0.011249357744532307
0.0022695281409939056
0.012448404808924242
0.0023773347324543915
0.013701624117861827
0.002483685959512199
0.015008315532379482
0.0025885911573544445
0.01636777577704748
0.0026920568812778306
0.0177792989589435
0.0027940876389987964
0.019242177106417485
0.002894686466540273
0.020755700656420985
0.0029938553652402037
0.02231915886276635
0.0030915956239861144
0.02393184012124696
0.0031879080510514293
0.025593032219069764
0.003282793137233925
0.027302022520621312
0.0033762511682635214
0.029058098102383897
0.0034682823006512535
0.030860545848748765
0.0035588866117625116
0.03270865251865174
0.0036480641320857004
0.03460170479098373
0.0037358148654458505
0.0365389892949076
0.003822138801220035
0.03851979262966924
0.003907035921358908
0.04054340137725054
0.003990506204114999
0.042609102110254385
0.004072549625741943
0.044716181396697294
0.004153166160990096
0.046863925802863866
0.0042323557829306805
0.04905162189500886
0.004310118462449652
0.05127855624043678
0.00438645416763506
0.05354401540831753
0.004461362863215108
0.05584728597048598
0.00453484451017373
0.0581876545024029
0.004606899065666231
0.06056440758441789
0.004677526483372854
0.0629768318034523
0.004746726714458791
0.06542421375521808
0.004814499709354039
0.06790584004708579
0.004880845420623526
0.0704209973017259
0.0049457638072674176
0.0729689721616507
0.005009254840873838
0.0755490512947935
0.005071318514140309
0.07816052140125956
0.0051319548523858696
0.08080266922137867
0.005191163928791623
0.08347478154516805
0.005248945884229511
0.08617614522327809
0.0053053009526613844
0.08890604717943684
0.005360229493206001
0.09166377442431736
0.0054137320300645785
0.09444861407062607
0.005465809301549792
0.09725985334903543
0.0055164623194502976
0.10009677962434488
0.005565692439848886
0.10295868041094372
0.005613501446249322
0.10584484338624038
0.0056598916453922945
0.10875455640020192
0.00570486597537768
0.11168710747847611
0.005748428124557103
0.11464178481571538
0.005790582657999749
0.11761787675462715
0.005831335146020783
0.12061467174485445
0.005870692286134259
0.12363145827393238
0.0059086620056799065
0.12666752476007861
0.005945253527108682
0.12972215939319143
0.00598047737137812
0.1327946499057526
0.006014345267091338
0.13588428324877008
0.006046869924119403
0.1389903451386816
0.006078064621076548
0.1421121194282079
0.006107942547445744
0.1452488872362939
0.006136515835745137
0.14839992574829383
0.006163794220900307
0.15156450656681306
0.0061897832792770086
0.15474189345715858
0.006214482237778515
0.15793133929390596
0.006237881415700361
0.16113208198830864
0.006259959480524588
0.16434333918278046
0.006280680869280364
0.16756430157552926
0.006299993937252495
0.17079412493541044
0.006317830599495086
0.17403192123302544
0.006334108335582981
0.17727674986385258
0.006348735305089602
0.18052761060381328
0.00636161885207874
0.18378344051949397
0.0063726768424316104
0.18704311723373102
0.006381850248580261
0.1903054703797477
0.006389114549159481
0.193569301590855
0.006394487307597826
0.19683341115360808
0.006398030038367496
0.20009662707274198
0.006399844086213447
0.20335783048809802
0.006400062238848281
0.2066159706460539
0.0063988394683402875
0.20987006293343147
0.006396346967478716
0.21311916432380312
0.006392773259156656
0.2163623213775759
0.006388334666945606
0.21959848654009503
0.006383295099719448
0.22282639956911338
5.5765999117510776e-5
3.7832351325123347e-6
0.00011389554178671348
0.00010254885053493145
0.00017414007234491335
0.0002898032941976034
0.00023604590627091982
0.000559394595627163
0.00029905023771833273
0.0009058798716862197
0.0003625853980764176
0.001324720143873345
0.0004261588669100845
0.001812305690131598
0.0004893941296988617
0.002365858989441195
0.0005520353985973565
0.0029832760059121575
0.0006139295198168118
0.0036629563402448295
0.0006749990381326142
0.004403652738944878
0.0007352161319868489
0.005204352259814749
0.0007945819176745504
0.006064189604384946
0.0008531120191475916
0.006982387604239905
0.0009108274951124834
0.007958218345063328
0.0009677496945046151
0.008990978931848678
0.001023897710205276
0.010079977116578482
0.0010792874098637492
0.01122452328563443
0.001133931341252399
0.012423926379711216
0.0011878390657499122
0.013677492135804692
0.0012410176558758125
0.014984522622628295
0.001293472212740903
0.016344316436861964
0.001345206333388122
0.017756169187561805
0.0013962225010802523
0.019219374061031337
0.001446522394865403
0.020733222359588178
0.00149610712601032
0.02229700396720152
0.0015449774132423738
0.02391000772821655
0.0015931337093807905
0.0255715217425224
0.0016405762907847857
0.027280833588175808
0.0016873053191959336
0.029037230484836685
0.0017333208835923829
0.030839999410964814
0.0017786230278871973
0.0326884271860735
0.0018232117688038632
0.03458180052728852
0.0018670871070678415
0.036519406087454125
0.0019102490341376943
0.038500530480273416
0.0019526975360191952
0.040524460296525865
0.001994432595213621
0.042590482114274054
0.002035454191504337
0.04469788250511226
0.002075762302047394
0.04684594803787929
0.0021153569010735613
0.049033965280799875
0.002154237959408755
0.051261220802703615
0.002192405443961313
0.0535270011737489
0.0022298593172963756
0.05583059296593431
0.0022665995374121515
0.05817128275358521
0.0023026260578447953
0.0605483571139433
0.0023379388282551887
0.06296110262795372
0.002372537795690847
0.06540880588132522
0.002406422906767984
0.06789075346592893
0.002439594111083781
0.07040623198160391
0.002472051366246675
0.0729545280384343
0.0025037946450036323
0.07553492825956834
0.0025348239450480588
0.07814671928465018
0.002565139302209406
0.08078918777393543
0.0025947408078540552
0.08346162041315294
0.002623628631463302
0.08616330391916845
0.002651803049491823
0.08889352504648268
0.0026792644817404884
0.09165157059456824
0.0027060135365864343
0.09443672741600886
0.002732051066482187
0.09724828242534468
0.002757378235136575
0.10008552260845727
0.0027819965976870363
0.10294773503222675
0.0028059081949163766
0.1058342068540749
0.0028291156620936174
0.10874422533084865
0.002851622352244473
0.11167707782629366
0.002873432472477888
0.11463205181609468
0.0028945512302788368
0.11760843488907002
0.0029149849842622024
0.12060551474254425
0.002934741390572888
0.12362257916905652
0.002953829531685043
0.12665891603020107
0.002972260008543447
0.1297138132112254
0.002990044969537091
0.13278655854652133
0.0030071980404640483
0.1358764397005787
0.0030237341083165408
0.1389827439801726
0.0030396688985363206
0.14210475803991082
0.0030550182710637123
0.14524176742254463
0.003069797146794741
0.14839305584487236
0.003084017966596037
0.15155790409659217
0.0030976885865532195
0.15473558836073603
0.003110809537124517
0.1579253776909375
0.0031233706381245297
0.1611265303006743
0.0031353470900656578
0.16433828825559313
0.0031466953805566423
0.16755987016005944
0.003157349663020077
0.170790461574706
0.003167219649547488
0.1740292033017032
0.003176191392285355
0.17727517842318571
0.003184132387163053
0.1805274000636679
0.0031909019475033188
0.18378480302956146
0.003196366594464274
0.1870462432251817
0.003200418452799248
0.19031050834953775
0.003202992929997127
0.1935763413351113
0.0032040811848843245
0.19684247446213418
0.003203733744594709
0.2001076681039197
0.0032020540547761977
0.20337074514084966
0.0031991838279675903
0.2066306113412551
0.0031952844712845796
0.20988625345250328
0.0031905196787674977
0.2131367093094295
0.0031850433753011563
0.21638100662222165
0.0031789952792570016
0.2196180686256227
0.0031725043968118837
0.22284658598782536
-1.0553855458804712e-13
1.8963945122193908e-6
-2.0279415894792216e-13
9.878980096227279e-5
-2.8409857040858543e-13
0.0002843481868094066
-3.3968365115691464e-13
0.0005525358939553267
-3.5715899132536075e-13
0.0008979624801837853
-3.2069914304937433e-13
0.0013160810267476137
-2.1003211897038706e-13
0.00180323259878515
7.189970006826212e-16
0.0023565725012285915
3.443154849565211e-13
0.0029739301571962756
8.617791880609435e-13
0.0036536496869455344
1.6038468100376342e-12
0.00439444272710434
2.632455771803289e-12
0.005195268543110108
4.02219027401027e-12
0.006055244514945066
5.861573912567856e-12
0.006973583558614245
8.254050571598971e-12
0.007949552683087018
1.1318429281851973e-11
0.008982446861874466
1.518846353315837e-11
0.010071573376284091
2.001116338875456e-11
0.011216242986675638
2.5943298321204074e-11
0.01241576536449871
3.314537803197567e-11
0.013669447062110885
4.177222011671406e-11
0.014976590910350487
5.1959002209700056e-11
0.016336496156247198
6.380139950539915e-11
0.017748458932840553
7.732811488681534e-11
0.01921177283168383
9.246379402563929e-11
0.020725729458742452
1.0897987547565971e-10
0.02228961891963418
1.2643058256722149e-10
0.02390273021687081
1.440707528147314e-10
0.025564351560927272
1.6075184096094176e-10
0.027273770605735312
1.747920644037432e-10
0.029030274622112162
1.8381627046688165e-10
0.03083315062247079
1.8456105591363802e-10
0.03268168544857697
1.7264071309940387e-10
0.03457516583204571
1.4227009782397936e-10
0.036512878435204704
8.594134887024093e-11
0.03849410987812254
-5.946626824497441e-12
0.04051814675608469
-1.4550456190954077e-10
0.04258427565060858
-3.4780964151441463e-10
0.04469178313617812
-6.313916586965584e-10
0.046839955784205564
-1.0187292900633875e-9
0.04902808016524181
-1.5367268626758565e-9
0.05125544285011316
-2.217127581454778e-9
0.05352133041042343
-3.0968007523367213e-9
0.05582502941870037
-4.21781679491431e-9
0.058165826448355114
-5.62719363632683e-9
0.0605430080735576
-7.376160440162053e-9
0.06295586086908293
-9.51873814295871e-9
0.06540367141015775
-1.2109379569334196e-8
0.06788572627232135
-1.519934403289662e-8
0.07040131203130409
-1.8831400428737062e-8
0.0729497152629255
-2.3032358578250953e-8
0.07553022254301059
-2.7802820580040347e-8
0.07814212044732784
-3.310342200626805e-8
0.08078469555155593
-3.883669903776843e-8
0.0834572344312941
-4.4823574723213315e-8
0.08615902366214681
-5.0773311320971e-8
0.08888934981992959
-5.6245634345659444e-8
0.09164749948107691
-6.060361026117266e-8
0.0944327592233712
-6.29557720672481e-8
0.09724441562717907
-6.208596039680316e-8
0.1000817552774629
-5.636941585497336e-8
0.10294406476696015
-4.367386874628199e-8
0.10583063070108138
-2.1244783211800578e-8
0.10874073970528732
1.4425394522500793e-8
0.11167367843597296
6.774305912423533e-8
0.11462873359619931
1.4417182631198583e-7
0.11760519195796656
2.503986845968698e-7
0.12060234039306204
3.944999681582963e-7
0.12361946591474962
5.860948716385071e-7
0.1266558557325179
8.364684062989276e-7
0.12971079732145702
1.1586379726026573e-6
0.13278357850606587
1.5673276224545645e-6
0.13587348755455106
2.0788010874153394e-6
0.13897981327260522
2.7104882797640996e-6
0.14210184507321647
3.4803200177307083e-6
0.14523887297816265
4.405662669249561e-6
0.14839018747318278
5.501720339176448e-6
0.15155507908653373
6.779252477546597e-6
0.1547328374827702
8.24145073895209e-6
0.15792274975350123
9.879852187016518e-6
0.16112409744274295
1.1669273104493064e-5
0.1643361516791469
1.3561982242890047e-5
0.1675581656474347
1.5481751978294642e-5
0.17078936362447625
1.7319050690558198e-5
0.17402892612288431
1.8929364898252616e-5
0.1772759715750774
2.0137143463752827e-5
0.1805295366244703
2.0747590878850006e-5
0.1837885592928191
2.056696665977203e-5
0.18705187126630582
1.9429130395674337e-5
0.19031820589672444
1.7222720433589076e-5
0.19358622591129726
1.3911322015260142e-5
0.19685456912163482
9.539881250446526e-6
0.2001219034372157
4.224615947282377e-6
0.20338697738393963
-1.871017593379546e-6
0.2066486516087282
-8.56779275731746e-6
0.20990590052552774
-1.5702274862089797e-5
0.21315777886521672
-2.315318821198867e-5
0.21640335240014796
-3.0860442036041396e-5
0.21964159400015276
-3.88368310279738e-5
0.222871246124444
-5.5765999323587496e-5
3.7832351150970433e-6
-0.00011389554218347312
0.00010254885047481252
-0.00017414007290204796
0.00028980329406521797
-0.00023604590693935654
0.0005593945953882201
-0.0002990502384252882
0.00090587987130053
-0.00036258539871882907
0.0013247201432932936
-0.0004261588673460534
0.001812305689300455
-0.0004893941297368374
0.002365858988291429
-0.0005520353979828524
0.0029832760043639133
-0.0006139295182164432
0.003662956338204646
-0.0006749990351153155
0.004403652736304909
-0.0007352161270022068
0.005204352256452709
-0.0007945819100283058
0.006064189600165088
-0.0008531120079745835
0.00698238759901559
-0.0009108274793476415
0.007958218338681662
-0.00096774967285301
0.008990978924158117
-0.0010238976811128395
0.010079977107440286
-0.0010792873714911093
0.01122452327493923
-0.0011339312914552837
0.01242392636740219
-0.0011878390020709216
0.013677492121909086
-0.0012410175755540982
0.01498452260729963
-0.001293472112748439
0.016344316420435188
-0.0013452062105038835
0.017756169170624662
-0.0013962223520169023
0.019219374044515142
-0.001446522216467008
0.02073322234488174
-0.001496106915544283
0.022297003956292458
-0.0015449771688141921
0.023910007723863924
-0.0015931334305066605
0.025571521748465557
-0.001640575979164049
0.02728083360938276
-0.0016873049797334466
0.029037230527795877
-0.0017333205257291913
0.030839999484021764
-0.0017786226673067956
0.03268842729981267
-0.0018232114295898428
0.034581800694956075
-0.0018670868243966983
0.03651940632541452
-0.0019102488575962807
0.038500530808483625
-0.0019526975336391444
0.040524460739004044
-0.001994432858312575
0.04259048269952602
-0.0020354548404138383
0.044697883266464115
-0.0020757634927862775
0.046845949013642856
-0.00211535883298985
0.049033966514172286
-0.002154240883756161
0.05126122234126878
-0.0021924096732930903
0.05352700306840744
-0.0022298652354396952
0.05583059526903968
-0.00226660760962139
0.058171285516000454
-0.0023026368405092645
0.06054836038066406
-0.0023379529772415432
0.06296110643185515
-0.002372556072015412
0.06540881023449266
-0.002406446177800475
0.06789075834792341
-0.0024396233448586387
0.07040623732388579
-0.002472087615677097
0.0729545337040375
-0.0025038390178304185
0.07553493401697631
-0.0025348775541828516
0.07814672477468786
-0.0025652031897235696
0.080789192468362
-0.0025948158341967385
0.08346162356354254
-0.002623715319545951
0.08616330449461015
-0.0026519013710457006
0.08889352165865491
-0.0026793735708454543
0.09165156140888041
-0.002706131312516971
0.0944367100478029
-0.0027321737450868937
0.0972482538206826
-0.002757499704976311
0.10008547890986344
-0.0027821076342840188
0.10294767143101728
-0.0028059954839814425
0.1058341174327203
-0.002829160600884431
0.1087441029013407
-0.0028515995977987543
0.11167691377393177
-0.0028733082070915702
0.1146318359627036
-0.002894281119238687
0.11760815539571917
-0.0029145118097918745
0.12060515807970436
-0.0029339923609105504
0.12362213019222451
-0.0029527132873845043
0.12665835821185084
-0.002970663382313709
0.12971312909603852
-0.0029878296048118647
0.13278573051684303
-0.0030041970419394555
0.13587545116346983
-0.0030197489904442315
0.13898158111668152
-0.003034467221927128
0.1421034122910681
-0.0030483325190974637
0.1452402389236257
-0.003061325602140567
0.14839135805555154
-0.0030734286035333878
0.15155606990039508
-0.0030846272953267855
0.15473367790380244
-0.0030949143178579577
0.15792348816221852
-0.003104293684043559
0.1611248076621844
-0.0031127867967714923
0.1643369405170568
-0.003120440038794023
0.16755918103182366
-0.003127333545620768
0.17079080211931977
-0.0031335899109490558
0.17403103758335178
-0.0031393802686503847
0.1772790575621876
-0.0031449237963540335
0.18053393858087852
-0.003150476123677693
0.18379463342062258
-0.0031563037584765963
0.1870599504461911
-0.0031626462527855306
0.19032855456534667
-0.003169674304950496
0.1935989993135332
-0.003177456894319504
0.19686979021689058
-0.0031859499619261377
0.20013946661170634
-0.0031950121032914623
0.20340667932131146
-0.003204442800056494
0.2066702409041912
-0.003214031748668252
0.20992913358186238
-0.0032236073750426227
0.21318247152794015
-0.003233077536947731
0.21642942212964614
-0.003242461493326409
0.21966909219290426
-0.0032519154716101166
0.22290038162885153
-0.00011177578175791096
9.55075857792748e-6
-0.000228398783824012
0.00011402609412005198
-0.0003493203172186446
0.00030642167548164097
-0.0004735579326656662
0.0005802269278874452
-0.0005999180824433935
0.0009298506488984812
-0.0007272270072168991
0.001350797243994143
-0.0008544960758551231
0.0018396240011698069
-0.00098099343281914
0.0023937673086370263
-0.001106238839148689
0.003011327251694113
-0.0012299557131123639
0.0036908688867555543
-0.001352011585968192
0.004431264925616326
-0.001472364985128908
0.005231582140116058
-0.00159102553902538
0.00609100422012208
-0.0017080272488710154
0.007008781669003529
-0.0018234122279285336
0.007984200513212053
-0.0019372217765809216
0.009016563535483172
-0.002049492157384072
0.010105179557254478
-0.0021602531486808398
0.011249357723677156
-0.0022695280972961783
0.01244840478491472
-0.0023773346764153335
0.0137016240907477
-0.002483685888637046
0.015008315502455667
-0.002588591068892651
0.016367775744961528
-0.0026920567722836164
0.017779298925834453
-0.002794087506437194
0.01924217707409255
-0.0028946863074550628
0.02075570062757753
-0.00299385517700413
0.022319158841266982
-0.0030915954046588498
0.02393184011245618
-0.003187907799876271
0.025593032230260618
-0.0032827928553107563
0.02730202256145984
-0.003376250859442636
0.029058098185497854
-0.0034682819727004624
0.030860545990384382
-0.0035588862778679503
0.0327086527394186
-0.0036480638127548547
0.03460170511668037
-0.003735814590888697
0.03653898975741264
-0.003822138614290129
0.03851979326786867
-0.0039070358811393495
0.040543402237954516
-0.003990506390233302
0.042609103249033525
-0.004072550143489895
0.04471618287853684
-0.0041531671473079715
0.04686392770249479
-0.004232357413284721
0.049051624296722385
-0.004310120958584054
0.051278559237125994
-0.0043864578061076735
0.05354401909940881
-0.0044613679845233855
0.05584729045832564
-0.0045348515281342745
0.05818765988654675
-0.004606908476517431
0.06056441395312896
-0.004677538873811564
0.06297683922154856
-0.004746742767485074
0.06542422224721711
-0.004814520206363201
0.06790584957438
-0.004880871237633525
0.07042100773227589
-0.004945795902479285
0.07296898323042673
-0.00500929422990881
0.07554906255291993
-0.005071366228255964
0.07816053215154688
-0.005132011873718321
0.08080267843767858
-0.005191231095180466
0.08347478777278955
-0.005249023754437824
0.08617614645759589
-0.0053053896207961165
0.08890604071986465
-0.005360328338877704
0.09166375670108169
-0.005413839388325949
0.09444858044236012
-0.005465922033972947
0.09725979787023915
-0.005516575264940682
0.10009669478339818
-0.005565797721100331
0.10295855684180673
-0.00561358760534875
0.10584466956049725
-0.005659942580311851
0.10875431831100679
-0.00570485964840271
0.11168678833464063
-0.005748335014716151
0.11464136477310306
-0.005790363933122083
0.11761733272376311
-0.005830940537254012
0.12061397732890487
-0.005870057660052659
0.12363058391076358
-0.0059077066483675155
0.12666643816691023
-0.005943877183198659
0.12972082644349525
-0.005978557122005268
0.13279303610666132
-0.006011732387882571
0.13588235603450585
-0.006043386942449332
0.1389880772522012
-0.006073502896638272
0.14210949372935586
-0.00610206083858878
0.14524590334808585
-0.0061290404936982235
0.14839660902696455
-0.006154421882599725
0.15156091994063042
-0.0061781872125197
0.15473815269200983
-0.00620032382799037
0.15792763214952396
-0.006220828651494357
0.16112869141898498
-0.0062397146334700416
0.1643406700308675
-0.006257019720512707
0.16756290884392439
-0.0062728185577083225
0.1707947394040801
-0.006287236217078616
0.17403546478532078
-0.006300461322003584
0.17728432897400437
-0.006312753001187689
0.18054047399558754
-0.0063244334524086366
0.18380288965029198
-0.006335858320108644
0.18707036967679477
-0.0063473636832018865
0.19034149625221336
-0.006359200791633781
0.19361467413800987
-0.006371481280294945
0.1968882206455618
-0.006384156824209239
0.20016049209078893
-0.006397044023495377
0.20343000694007782
-0.006409885425481678
0.2066955252116468
-0.006422424543706697
0.20995606286056664
-0.006434474191573825
0.2132108439739519
-0.0064459692363742676
0.21645920708352415
-0.0064570070407182845
0.21970048038400342
-0.006467884109501111
0.2229338298884033
-0.0001683054694923569
1.953956771771232e-5
-0.0003442000473852759
0.0001338552179230648
-0.0005267117082686669
0.00033499480109249727
-0.000714157435287217
0.0006158191450680962
-0.0009045664755976932
0.0009705293365545503
-0.0010960899751768804
0.0013947767438194359
-0.0012872519676327989
0.0018854649096905272
-0.0014770228273148654
0.0024404263361768527
-0.00166476806455167
0.0030581124272954286
-0.001850148094303262
0.0037373578503657632
-0.0020330174909277358
0.004477222613944204
-0.002213345795873541
0.005276893904919221
-0.002391162820550195
0.0061356273914456435
-0.0025665242917472476
0.007052713158133668
-0.0027394920822870683
0.008027456496932149
-0.002910123995097796
0.0090591675004459
-0.003078469363182342
0.010147155780247214
-0.00324456793539171
0.011290728100523556
-0.0034084504451668747
0.012489187609235244
-0.0035701399055764207
0.013741833890735553
-0.0037296530962244493
0.015047963392770213
-0.003887001969594623
0.016406869979678235
-0.004042194858880675
0.017817845482415166
-0.0041952374551045574
0.019280180185370317
-0.004346133564966535
0.020793163228926104
-0.004494885679859263
0.022356082927291573
-0.004641495391818045
0.023968227010860065
-0.004785963690568536
0.025628882805881825
-0.004928291171178101
0.027337337364487898
-0.005068478176279338
0.02909287755676057
-0.00520652489151933
0.03089479013461026
-0.005342431408282857
0.03274236177521233
-0.005476197763988133
0.034634879109945255
-0.005607823967329818
0.03657162874324966
-0.0057373100136381165
0.03855189726461261
-0.005864655893903038
0.04057497125594817
-0.005989861599850129
0.04264013729594535
-0.006112927126637076
0.04474668196244405
-0.0062338524741767645
0.04689389183353357
-0.006352637647709996
0.049081053487809535
-0.006469282657995431
0.051307453504045135
-0.0065837875213146605
0.05357237846040518
-0.006696152259377541
0.055875114933246754
-0.006806376899135921
0.05821494949548372
-0.006914461472458094
0.06059116871444996
-0.007020406015571393
0.0630030591491563
-0.007124210568138944
0.06544990734681173
-0.007225875171793743
0.06793099983845022
-0.0073253998679052995
0.07044562313348905
-0.0074227846942987764
0.0729930637130252
-0.007518029680581126
0.07557260802167176
-0.007611134841652515
0.07818354245773652
-0.0077021001688935605
0.08082515336156273
-0.007790925618418195
0.08349672700189377
-0.007877611095670471
0.086197549560193
-0.007962156435520926
0.08892690711296455
-0.008044561376888032
0.0916840856122947
-0.008124825530775885
0.09446837086508049
-0.008202948340486921
0.0972790485117647
-0.00827892903264746
0.10011540400587461
-0.008352766557583808
0.10297672259630902
-0.0084244595175264
0.105862289315171
-0.00849400608111809
0.10877138897505699
-0.008561403882790855
0.11170330618114344
-0.008626649905792778
0.11465732536522667
-0.008689740348050472
0.11763273085113923
-0.008750670470722552
0.12062880696376367
-0.008809434430355999
0.12364483819726008
-0.008866025097184413
0.12668010946215108
-0.008920433864582715
0.12973390643557536
-0.00897265045846641
0.13280551604421037
-0.009022662761198971
0.13589422711479265
-0.009070456673482295
0.13899933123216357
-0.009116016051559619
0.14212012384808742
-0.009159322778730683
0.14525590568321986
-0.00920035706416377
0.14840598445500439
-0.009239098115165184
0.15156967693743514
-0.009275525411475563
0.1547463112990675
-0.009309620935187538
0.1579352295454203
-0.009341372891876967
0.16113578966134595
-0.009370781701984595
0.16434736662442273
-0.009397869310289679
0.16756935070857368
-0.009422692989270084
0.170801140262916
-0.009445364364952158
0.1740421243304574
-0.009466072274411267
0.17729164867839456
-0.0094851033076039
0.18054895915322844
-0.009502846769243052
0.18381312291522417
-0.009519766563781864
0.18708294421228908
-0.009536329451326878
0.19035691237069816
-0.009552901963117083
0.19363322873567465
-0.00956965596403883
0.19690993635905196
-0.009586530931226547
0.20018512347767242
-0.009603275573404688
0.20345712493781165
-0.009619548408491217
0.20672464515631916
-0.009635031661379965
0.20998677193532783
-0.009649521306791838
0.2132429019033888
-0.009662984344488633
0.21649261960072558
-0.009675597798648374
0.21973556046527845
-0.009687790568396769
0.2229712623003357
-0.0002257104983730395
3.4390795744750516e-5
-0.0004621870685127088
0.00016321606174052154
-0.0007077911944210004
0.0003769557458163321
-0.0009598114801685482
0.0006675358129587861
-0.001215263824642543
0.0010289920763983538
-0.0014715488863774118
0.0014573733470176465
-0.0017267701113048704
0.0019502203228499335
-0.0019797238262830846
0.0025059916594890983
-0.0022297421522867638
0.0031236393752724283
-0.002476510285059852
0.0038023524649317244
-0.0027199232606193256
0.004541422892306937
-0.0029599886353323473
0.005340180090360515
-0.003196766255678362
0.006197961392873605
-0.003430333636312138
0.007114099960790763
-0.0036607676760521944
0.008087920855816723
-0.0038881361906925285
0.009118740664517889
-0.004112495009674404
0.010205868503481434
-0.004333887996797683
0.011348607417046384
-0.004552348428152392
0.012546255744392294
-0.004767900843347861
0.013798108297142309
-0.004980562905338976
0.015103457308837161
-0.0051903470519787135
0.01646159316911142
-0.005397261862230178
0.017871804974434878
-0.005601313133692178
0.019333380931307747
-0.005802504702747456
0.020845608645260985
-0.006000839051212427
0.02240777532400785
-0.00619631774423835
0.024019167917589606
-0.0063889417395394535
0.025679073213249852
-0.006578711601294096
0.02738677789841426
-0.006765627645138518
0.02914156860162285
-0.006949690034439421
0.0309427319185094
-0.007130898842827017
0.03278955442783618
-0.0073092540938367615
0.034681322701051835
-0.007484755785342734
0.036617323307723236
-0.007657403904113018
0.03859684281840293
-0.007827198434109906
0.0406191678059408
-0.007994139360947113
0.04268358484587197
-0.008158226674073952
0.04478938051625687
-0.008319460367681863
0.04693584139717927
-0.008477840440944448
0.04912225406999419
-0.008633366897948564
0.05134790511634185
-0.008786039747510159
0.05361208111689048
-0.008935859002962693
0.05591406864973334
-0.009082824681937043
0.05825315428833423
-0.009226936806105916
0.0606286245988901
-0.009368195400831277
0.06303976613695332
-0.009506600494624326
0.0654858654431349
-0.009642152118298868
0.06796620903768255
-0.009774850303667796
0.07048008341371235
-0.009904695081595052
0.07302677502884872
-0.010031686479172644
0.07560557029502367
-0.010155824515739497
0.0782157555661827
-0.010277109197398562
0.08085661712366933
-0.010395540509617003
0.08352744115910052
-0.010511118407412201
0.08622751375463449
-0.01062384280253486
0.08895612086065913
-0.010733713546957025
0.09171254827113869
-0.010840730411860452
0.09449608159714064
-0.010944893061200032
0.09730600623948223
-0.01104620101878857
0.1001416073619947
-0.01114465362771804
0.10300216986765659
-0.011240250000799772
0.10588697838085033
-0.011332988960578282
0.10879531724029108
-0.01142286896735652
0.11172647050885333
-0.011509888033575695
0.11467972200864873
-0.011594043622834938
0.11765435539239257
-0.011675332531844702
0.12064965426543359
-0.011753750753728713
0.12366490237695765
-0.01182929332140917
0.1266993839039119
-0.011901954130480818
0.12975238385729163
-0.011971725742275528
0.1328231886476878
-0.012038599170223952
0.13591108685546616
-0.012102563656995571
0.13901537026055835
-0.012163606457749478
0.14213533519718277
-0.012221712658793606
0.1452702843087951
-0.01227686508561081
0.14841952878572195
-0.012329044397469588
0.15158239116683914
-0.01237822954116921
0.15475820876597893
-0.012424398866358669
0.15794633771981412
-0.012467532425153617
0.16114615749847538
-0.01250761634183907
0.16435707537392324
-0.012544650701194692
0.1675785296139898
-0.01257866317779824
0.1708099886820986
-0.012609731303146422
0.17405094096511556
-0.012638015854144686
0.17730086465947334
-0.012663802094132776
0.1805591624636807
-0.012687532389214759
0.1838250480421574
-0.012709795580767375
0.1870973946655437
-0.012731237942518956
0.19037460477682305
-0.012752398730913895
0.19365460088124667
-0.012773539840771609
0.1969350129277887
-0.012794573006369046
0.2002135225199693
-0.01281513495302768
0.20348820665791073
-0.012834762659649163
0.2067577232598953
-0.012853068133246734
0.21002129739296288
-0.012869846550679994
0.21327858092304927
-0.012885119075844824
0.21652948222724874
-0.012899151532573127
0.2197740185804136
-0.012912491784333822
0.22301218966937666
-0.00028450868718243654
5.519354758429917e-5
-0.0005836549989388688
0.00020407035863673795
-0.0008946231984625118
0.0004345702723300134
-0.001213106167355838
0.0007373774067749419
-0.0015347579802760317
0.0011066684539666443
-0.0018562547424240217
0.0015394288129798998
-0.002175482386940702
0.0020342774417627624
-0.002491301092355718
0.0025905602486803346
-0.0028031778821657255
0.003207845165455302
-0.0031109210171423093
0.0038857177594959335
-0.0034145132615591494
0.004623711106978075
-0.0037140166086071114
0.005421294139807156
-0.00400952082911646
0.006277880133107113
-0.004301117498009165
0.00719283996483755
-0.004588888244350707
0.00816551436341093
-0.004872900647128908
0.009195223553248501
-0.0051532080115561435
0.010281274277434109
-0.005429850917188457
0.011422964673716209
-0.005702859393018566
0.012619587547768518
-0.005972255130800426
0.013870432510712946
-0.006238053463604326
0.01517478733936268
-0.006500265010623736
0.016531938818551
-0.006758896980150415
0.017941173246379897
-0.007013954165536952
0.01940177672513561
-0.0072654396849993605
0.020913035319364365
-0.007513355517895618
0.02247423513410124
-0.007757702885053041
0.02408466234697617
-0.007998482513012028
0.025743603215139948
-0.00823569481396703
0.027450344069634255
-0.008469340005821885
0.029204171304525767
-0.008699418190574832
0.031004371364820146
-0.008925929404287583
0.032850230735173215
-0.009148873648070825
0.03474103593025155
-0.009368250906660729
0.03667607348694921
-0.009584061159078104
0.03865462995833933
-0.009796304384376526
0.040675991909091866
-0.010004980564449019
0.042739445912045926
-0.010210089685153356
0.04484427854563175
-0.010411631736539981
0.04698977639186409
-0.01060960671265379
0.04917522603466366
-0.01080401461117963
0.05139991405828954
-0.010994855433074827
0.0536631270456877
-0.011182129182254183
0.05596415157657107
-0.011365835865345448
0.058302274225048606
-0.011545975491505022
0.0606767815566159
-0.011722548072265604
0.06308696012430426
-0.011895553621374634
0.0655320964637708
-0.012064992154571595
0.06801147708708728
-0.012230863689239974
0.07052438847496753
-0.01239316824385612
0.07307011706715238
-0.012551905837139223
0.07564794925066047
-0.01270707648678507
0.07825717134561452
-0.01285868020763864
0.08089706958837395
-0.013006717009127538
0.08356693011175143
-0.013151186891737348
0.08626603892218729
-0.013292089842261006
0.08899368187389607
-0.013429425827495628
0.09174914464022865
-0.013563194785988808
0.09453171268280841
-0.013693396617351082
0.09734067121945851
-0.013820031168546743
0.10017530519254936
-0.013943098216446702
0.10303489924022755
-0.014062597445768234
0.10591873767407999
-0.014178528421325734
0.10882610446821019
-0.014290890553261748
0.11175628326653742
-0.01439968305360112
0.11470855741746412
-0.014504904882051715
0.11768221004800704
-0.014606554678436414
0.12067652419318577
-0.014704630678458695
0.12369078300108163
-0.014799130608655474
0.12672427003970388
-0.0148900515553769
0.12977626973889816
-0.01497738980150315
0.1328460680092849
-0.01506114062351675
0.1359329530910182
-0.015141298040873023
0.13903621669845334
-0.015217854510146529
0.14215515554309907
-0.015290800559806196
0.1452890733369874
-0.015360124370901354
0.14843728340195153
-0.015425811330689453
0.151599112036291
-0.015487843632444528
0.15477390281506073
-0.0155462000887561
0.15796102201235968
-0.015600856512512026
0.16115986530353696
-0.015651787383972153
0.16436986575918305
-0.01569897021977496
0.16759050269438083
-0.01574239533445238
0.17082130978426974
-0.015782085891395712
0.17406187786654984
-0.015818135831412464
0.17731184154078328
-0.01585077501525892
0.18057082315567877
-0.015880450838453998
0.18383829250170264
-0.01590787463453917
0.18711331622769423
-0.015933937407724
0.19039426363261308
-0.01595944878811825
0.19367867815191497
-0.01598481401470006
0.1969635385658531
-0.016009882175641556
0.2002458812773964
-0.01603409804211512
0.20352342390243866
-0.016056827717362065
0.20679483013555405
-0.016077627862528584
0.21005958630837643
-0.016096347426079013
0.21331771190821736
-0.016113112674024606
0.21656951103552302
-0.016128298180746445
0.21981542873273444
-0.016142548629867026
0.22305597998314555
-0.00034559192807009703
8.379279209390587e-5
-0.0007107134960392944
0.0002596283501582406
-0.001090411663027638
0.000511232643305221
-0.0014776220630993344
0.0008279590105714368
-0.0018664335292664957
0.0012051319910834355
-0.0022530831516345854
0.001641668275578797
-0.0026357810799232787
0.002137845680369682
-0.0030137884501861504
0.0026940697527952067
-0.0033868796654621318
0.003310550155199294
-0.003755053453635065
0.003987242213392611
-0.004118394507659632
0.004723886479491061
-0.00447700980593742
0.005520063912789816
-0.0048310013428062605
0.006375244781741516
-0.005180456042903352
0.007288825835466494
-0.005525443577488958
0.00826015666175969
-0.0058660175888146406
0.009288557572136093
-0.0062022181632223105
0.010373331348898503
-0.00653407453618939
0.011513770740633936
-0.0068616075793338956
0.012709163105897656
-0.007184831901404008
0.01395879319428738
-0.007503757533218825
0.015261944741644395
-0.00781839123002905
0.016617901330629653
-0.00812873744952187
0.01802594681069642
-0.00843479906862202
0.019485365464609786
-0.008736577897615037
0.020995442037585358
-0.009034075041553721
0.0225554616988231
-0.009327291149409195
0.024164709975713086
-0.009616226582504654
0.02582247268265758
-0.009900881526082417
0.0275280358554017
-0.010181256061588265
0.029280685695361654
-0.010457350212348034
0.031079708524929712
-0.010729163971585125
0.032924390752978254
-0.010996697318972378
0.0348140188490443
-0.011259950229920695
0.0367478793244972
-0.011518922680398292
0.03872525871909303
-0.011773614649097949
0.04074544359154437
-0.012024026118106386
0.04280772051298342
-0.012270157072787955
0.04491137606243606
-0.012512007501307685
0.047055696823622456
-0.012749577394036708
0.04923996938255922
-0.01298286674297078
0.051463480325556366
-0.013211875541227323
0.05372551623728427
-0.013436603782649726
0.056025363698638975
-0.013657051461530458
0.05836230928416493
-0.013873218572457973
0.06073563955880296
-0.014085105110293664
0.06314464107373143
-0.014292711070290025
0.06558860036105293
-0.01449603644836882
0.06806680392706385
-0.014695081241587419
0.07057853824381843
-0.014889845448832333
0.07312308973868636
-0.015080329071790282
0.07569974478158438
-0.015266532116259036
0.07830778966956856
-0.015448454593873248
0.08094651060849264
-0.015626096524332424
0.08361519369149249
-0.01579945793822825
0.08631312487415041
-0.015968538880577046
0.08903958994635106
-0.016133339415164705
0.09179387450107687
-0.016293859629804446
0.09457526390072707
-0.016450099642586185
0.09738304324202746
-0.016602059609151874
0.10021649732124388
-0.016749739730953946
0.10307491060228612
-0.016893140264328282
0.10595756719143729
-0.01703226153001845
0.10886375082393408
-0.0171671039224955
0.11179274486953883
-0.0172976679179908
0.11474383236669265
-0.017423954079545344
0.11771629609791508
-0.01754596305651359
0.12070941872300125
-0.017663695574753887
0.12372248299142494
-0.017777152412083174
0.12675477206143657
-0.017886334351330815
0.1298055699609693
-0.017991242100333687
0.1328741622350617
-0.01809187616429076
0.1359598368366722
-0.018188236650870465
0.1390618853333614
-0.018280322982261236
0.1421796045225425
-0.018368133481160044
0.14531229857463304
-0.01845166479036156
0.14845928185893417
-0.018530911080569555
0.15161988265483903
-0.018605863004304498
0.15479344801531822
-0.018676506379444482
0.15797935013465733
-0.018742820666452876
0.1611769946784476
-0.018804777513480142
0.1643858316415097
-0.018862340152175344
0.16760536933978223
-0.018915465633278575
0.17083519180593507
-0.018964114594401584
0.1740749785184677
-0.01900827951024048
0.17732451939215635
-0.019048052280435025
0.18058370479798777
-0.019083772632560336
0.18385240917723902
-0.019116204091841064
0.18713013673282844
-0.01914654907489258
0.1904154116644187
-0.019176062979998295
0.1937052854599739
-0.019205394418034274
0.196995644921711
-0.01923425124451677
0.20028243921643074
-0.019261732146092093
0.20356291000899135
-0.01928698607328544
0.20683590873661759
-0.01930960257158639
0.2101014191372636
-0.01932960979047442
0.21335996792301987
-0.019347325426718257
0.21661229452976952
-0.01936325475970437
0.21985926350515703
-0.01937810317141634
0.2231018957607559
-0.0004106018282619216
0.00012354776703378504
-0.0008474818313187492
0.0003352807436149904
-0.0013004019375523245
0.0006117523119984515
-0.0017585067116049715
0.0009421861612865138
-0.00221417241896236
0.0013255357226741992
-0.0026648131004899226
0.0017643461085496098
-0.003109709002118784
0.0022607692039334
-0.00354881961597538
0.0028162266043342695
-0.0039822894834993265
0.0034314467652063765
-0.004410285114004467
0.004106654586447299
-0.00483294665782041
0.004841728735616665
-0.0052503801073381755
0.005636319136821802
-0.005662661645365177
0.006489928125395736
-0.006069844468551765
0.0074019649983253265
-0.006471965005162474
0.008371781864493904
-0.006869047812550538
0.009398696764690325
-0.007261109203260015
0.010482008277169436
-0.007648159846418434
0.011621004523372596
-0.008030206599103244
0.012814968553444538
-0.008407253778181986
0.014063181437266382
-0.00877930403310034
0.015364923935589471
-0.009146358937631738
0.016719477318657316
-0.009508419385803223
0.018126123693238468
-0.009865485852834244
0.01958414606225343
-0.010217558564119222
0.021092828252129305
-0.01056463760240303
0.022651454786163306
-0.010906722974047949
0.024259310746732956
-0.01124381464870246
0.025915681647746054
-0.011575912582033996
0.02761985332624343
-0.01190301672794553
0.029371111855200076
-0.012225127044463931
0.031168743476106688
-0.012542243495974237
0.033012034548441996
-0.012854366053463878
0.034900271512774104
-0.013161494693779826
0.03683274086441788
-0.013463629398478063
0.03880872913500347
-0.013760770152580882
0.04082752287980521
-0.01405291694339755
0.042888408669147886
-0.014340069759472539
0.04499067308260559
-0.014622228589675778
0.04713360270503282
-0.014899393422426615
0.04931648412371176
-0.015171564245036287
0.05153860392608085
-0.01543874104315583
0.05379924869763556
-0.015700923800325173
0.05609770501967294
-0.01595811249763099
0.0584332594666021
-0.016210307113496324
0.060805198602563386
-0.016457507623642918
0.06321280897710643
-0.016699714001288942
0.0656553771196664
-0.0169369262176696
0.06813218953256414
-0.017169144242998206
0.07064253268223239
-0.017396368048020548
0.07318569298835842
-0.017618597606356697
0.07576095681061473
-0.017835832897873046
0.07836761043265743
-0.018048073913383103
0.0810049400430936
-0.018255320661038604
0.08367223171317424
-0.01845757317484348
0.08636877137106959
-0.018654831525799092
0.08909384477274773
-0.0188470958362688
0.09184673746972087
-0.01903436629822938
0.09462673477427254
-0.019216643196148873
0.0974331217232748
-0.019393926935286503
0.10026518304236685
-0.019566218076236958
0.10312220311316186
-0.019733517376519176
0.10600346594731765
-0.01989582583991332
0.10890825517282314
-0.020053144774042492
0.11183585403980024
-0.020205475856329036
0.1147855454555899
-0.02035282120786368
0.11775661206201105
-0.0204951834738204
0.12074833637159657
-0.020632565907709986
0.12376000098452179
-0.02076497245483025
0.12679088891409276
-0.020892407827519242
0.12984028405641762
-0.02101487756095158
0.13290747184970944
-0.021132388032822084
0.13599174018129834
-0.02124494642277024
0.13909238061689064
-0.021352560577026464
0.14220869004853365
-0.021455238729434823
0.14533997288759842
-0.02155298901029431
0.14848554397085248
-0.021645818647574464
0.15164473240763732
-0.021733732729144084
0.15481688668452293
-0.021816732348967957
0.15800138147723258
-0.02189481190915215
0.16119762682454356
-0.021967955314472633
0.16440508063922477
-0.022036130853023108
0.16762326601471536
-0.02209928493587595
0.17085179554120905
-0.02215733637029053
0.17409040545729673
-0.02221017742678559
0.17733900346241463
-0.02225770479314445
0.18059772183982647
-0.022299936916011
0.18386695793574154
-0.022337439363627896
0.18714707704830383
-0.02237170446096704
0.19043729730775105
-0.02240473506712541
0.19373417057162187
-0.022437665635680448
0.1970315846310191
-0.022469842570186162
0.20032349272002373
-0.02249973994023127
0.20360664758557448
-0.0225263353796023
0.20688061775183683
-0.022549525809230527
0.21014629291635356
-0.022569753231639587
0.21340480459428574
-0.02258759671214067
0.21665727548026778
-0.02260369084356451
0.21990491510708354
-0.022618748564280443
0.22314915821032377
-0.0004844181293782695
0.000181168339241473
-0.0010019406800061623
0.0004404154284305138
-0.001534647407605679
0.0007422076429938213
-0.002062014084058043
0.001081543791435592
-0.0025814664496901906
0.0014678361393021281
-0.0030933552885803917
0.001906898144338681
-0.00359845755484953
0.002402448565698566
-0.004097338458302786
0.0029565311921594317
-0.004590336284059892
0.0035701588802311665
-0.0050776292625561445
0.00424368581762429
-0.005559298387514872
0.004977051456556212
-0.006035370320213208
0.005769933594997957
-0.006505843924035162
0.006621846358079777
-0.006970705661490991
0.007532202842416886
-0.007429938019961665
0.008500355089933733
-0.007883523777013589
0.009525619356740801
-0.008331447886847714
0.010607291845692327
-0.00877369807370111
0.011744658285820954
-0.009210264772923794
0.012936999585960953
-0.009641140784527923
0.014183595025496957
-0.01006632083727668
0.01548372393561955
-0.01048580116326525
0.016836666484259473
-0.010899579127069394
0.018241703951901923
-0.011307652923143126
0.019698118736945627
-0.011710021339764815
0.021205194233084396
-0.012106683581021791
0.022762214660110126
-0.012497639136195709
0.024368464891707544
-0.012882887686162735
0.026023230301119273
-0.013262429037736022
0.027725796632529463
-0.013636263078526957
0.029475449898989172
-0.014004389746517354
0.03127147630429904
-0.014366809009949175
0.033113162184946726
-0.014723520854297798
0.034999793968005906
-0.01507452527400383
0.03693065814127156
-0.015419822267326896
0.03890504123249085
-0.015759411833192575
0.040922229795172516
-0.016093293969269333
0.04298151039902528
-0.016421468670770458
0.045082169623554914
-0.016743935929655996
0.04722349405372758
-0.017060695734032297
0.049404770276896166
-0.017371748067631768
0.05162528488039524
-0.017677092909313408
0.05388432444935641
-0.01797673023256736
0.05618117556439264
-0.01827066000503943
0.05851512479885633
-0.018558882188121243
0.060885458715407174
-0.018841396736681015
0.06329146386163431
-0.019118203599042597
0.06573242676447155
-0.019389302717359627
0.06820763392313127
-0.01965469402857868
0.07071637180026487
-0.019914377466242684
0.07325792681104287
-0.020168352963455732
0.07583158530983664
-0.020416620457415158
0.07843663357419219
-0.020659179896015952
0.08107235778581202
-0.020896031247150795
0.08373804400832117
-0.02112717451146365
0.08643297816170085
-0.02135260973946937
0.08915644599344083
-0.021572337054121815
0.09190773304671285
-0.02178635668009815
0.09468612462622734
-0.021994668981260942
0.0974909057629352
-0.022197274507954796
0.10032136117940958
-0.022394174055976396
0.10317677525864452
-0.02258536873920992
0.10605643202017936
-0.022770860078015837
0.1089596151089778
-0.022950650105466132
0.11188560780442848
-0.023124741493383356
0.11483369305929061
-0.02329313769979998
0.1178031535814988
-0.02345584313881869
0.12079327197561134
-0.023612863372805475
0.1238033309655265
-0.02376420532522014
0.1268326137261509
-0.023909877509957683
0.12988040435932982
-0.024049890269522034
0.13294598855902096
-0.024184256009219095
0.1360286545231493
-0.02431298940716979
0.13912769418589196
-0.02443610756928082
0.14224240486602205
-0.02455363008279869
0.14537209145707583
-0.0246655788992012
0.14851606932793043
-0.02477197794287663
0.1516736681651907
-0.02487285228953905
0.1548442370841846
-0.02496822667619101
0.15802715148530438
-0.025058122973076566
0.16122182237725835
-0.025142556034143712
0.16442770930107267
-0.025221526990054147
0.1676443387264638
-0.025295012483563094
0.17087133108107896
-0.025362947491999792
0.17410844238517137
-0.025425198896672194
0.1773556300035806
-0.025481528476783283
0.18061316910037353
-0.02553157850614926
0.18388181414510194
-0.025574994116567683
0.18716318867090706
-0.02561303688014786
0.19045868080496214
-0.025649012485144458
0.19376498901785996
-0.02568497353623837
0.1970719141570946
-0.025719491926448113
0.2003693240296614
-0.025749883497757718
0.20365412344682052
-0.025775501565927946
0.2069280633829095
-0.025797304499931308
0.21019331765790025
-0.025816237168108498
0.21345142630420708
-0.025833107490541216
0.21670375225914154
-0.025848614364008243
0.21995172487895698
-0.025863416897926372
0.22319703898692617
-0.0005753446867069723
0.0002749365402588971
-0.0012022480769842067
0.0005919534758844064
-0.0018054548561559818
0.0009026830849291442
-0.0023925649054978297
0.0012444247421130893
-0.0029692954131111723
0.00163017818359807
-0.003538619784718862
0.0020680017682780114
-0.004101820018318858
0.002562025119295842
-0.004659368988239824
0.003114466234113308
-0.005211362989334742
0.0037263910622289845
-0.005757734632666496
0.004398177704414607
-0.00629835674866344
0.005129777616913075
-0.006833092078491566
0.00592087620654695
-0.0073618154357230165
0.006770992921088987
-0.007884421859892667
0.007679544740523576
-0.00840082783980934
0.00864588653116279
-0.008910969363184076
0.00966933656344012
-0.009414798775692783
0.0107491924387939
-0.009912281460878433
0.01188474082891622
-0.010403392816369055
0.013075263258012344
-0.010888115709978437
0.014320039393233326
-0.011366438446364086
0.015618348800186414
-0.011838353201210657
0.016969471781192944
-0.012303854850480586
0.018372689688124628
-0.012762940116576511
0.019827284952655334
-0.013215606959266985
0.021332540979851534
-0.013661854150069699
0.022887741989175685
-0.014101680980710804
0.024492172848451527
-0.014535087067398035
0.026145118923080485
-0.014962072222152366
0.02784586594932897
-0.015382636370134851
0.02959369993315936
-0.01579677949788439
0.03138790707244209
-0.016204501621887017
0.03322777369891005
-0.016605802770203227
0.03511258623592286
-0.017000682972252126
0.03704163116840822
-0.01738914225351611
0.03901419502188928
-0.017771180633076887
0.041029564348105604
-0.018146798122666924
0.04308702571528726
-0.01851599472643226
0.045185865701613676
-0.018878770440934046
0.04732537089076197
-0.01923512525512742
0.04950482786873819
-0.01958505915018765
0.05172352322139354
-0.019928572099135747
0.053980743532174885
-0.0202656640662687
0.05627577537975631
-0.020596335006435745
0.058607905335258594
-0.020920584864233226
0.06097641995879361
-0.021238413573221742
0.06338060579508364
-0.02154982105530609
0.06581974936790182
-0.021854807220464484
0.06829313717306998
-0.02215337196707289
0.07080005566973474
-0.022445515183145127
0.07333979126963346
-0.02273123674890329
0.07591163032405569
-0.023010536541209718
0.07851485910821786
-0.02328341444053281
0.08114876380280206
-0.02354987034128962
0.08381263047247893
-0.023809904166609018
0.08650574504134673
-0.024063515888794285
0.08922739326539789
-0.02431070555703351
0.09197686070238358
-0.024551473334210757
0.09475343267981609
-0.024785819545008077
0.09755639426235703
-0.025013744737853526
0.10038503022052118
-0.02523524976365427
0.10323862500352875
-0.025450335874643452
0.10611646272031548
-0.025659004847043813
0.10901782713422077
-0.0258612591315824
0.11194200167879689
-0.02605710203614063
0.11488826950461262
-0.02624653794493924
0.11785591356996523
-0.026429572578571786
0.12084421679221788
-0.02660621329882103
0.12385246228121624
-0.026776469461401487
0.12687993368215278
-0.026940352818406794
0.12992591566267014
-0.02709787797008232
0.13298969458839402
-0.02724906286227933
0.13607055944315302
-0.02739392932112013
0.13916780306593793
-0.027532503609313076
0.14228072379780055
-0.027664816978092772
0.145408627661029
-0.02779090617307879
0.14855083123433538
-0.027910813828272936
0.15170666544864542
-0.028024588644270595
0.1548754806207549
-0.028132285183979443
0.15805665318872833
-0.02823396301119907
0.16124959485368248
-0.028329684702685584
0.16445376524847394
-0.028419511892986336
0.16766868999141452
-0.028503497759186168
0.17089398746301163
-0.028581672713952698
0.17412941027717566
-0.02865401617503941
0.17737491558055615
-0.02872039768406508
0.18063078518256762
-0.02878044138962464
0.18389791463726526
-0.02883324396517902
0.18717820248990336
-0.028876717534474183
0.19047724347083286
-0.028914821911092497
0.19379729057452608
-0.028953169112698
0.19711805587280876
-0.02898692580661145
0.20041931913023567
-0.029012912964674557
0.20370354212213637
-0.02903400158119468
0.20697668745627124
-0.029051876331907648
0.21024121372577004
-0.029067680595595585
0.2134988214804871
-0.02908227388974622
0.21675092045351013
-0.02909632808623073
0.21999902226918125
-0.02911035193946769
0.22324495188652416
