613 240
1 1.00000000000000e+01 6.12323399573677e-16 0.00000000000000e+00
2 -3.06161699786838e-16 1.00000000000000e+01 0.00000000000000e+00
3 0.00000000000000e+00 1.00000000000000e+02 0.00000000000000e+00
4 1.00000000000000e+02 1.00000000000000e+02 0.00000000000000e+00
5 1.00000000000000e+02 0.00000000000000e+00 0.00000000000000e+00
6 2.58819045102521e+00 9.65925826289068e+00 0.00000000000000e+00
7 5.00000000000000e+00 8.66025403784439e+00 0.00000000000000e+00
8 7.07106781186548e+00 7.07106781186547e+00 0.00000000000000e+00
9 8.66025403784439e+00 5.00000000000000e+00 0.00000000000000e+00
10 9.65925826289068e+00 2.58819045102520e+00 0.00000000000000e+00
11 0.00000000000000e+00 1.75000000000000e+01 0.00000000000000e+00
12 0.00000000000000e+00 2.50000000000000e+01 0.00000000000000e+00
13 0.00000000000000e+00 3.25000000000000e+01 0.00000000000000e+00
14 0.00000000000000e+00 4.00000000000000e+01 0.00000000000000e+00
15 0.00000000000000e+00 4.75000000000000e+01 0.00000000000000e+00
16 0.00000000000000e+00 5.50000000000000e+01 0.00000000000000e+00
17 0.00000000000000e+00 6.25000000000000e+01 0.00000000000000e+00
18 0.00000000000000e+00 7.00000000000000e+01 0.00000000000000e+00
19 0.00000000000000e+00 7.75000000000000e+01 0.00000000000000e+00
20 0.00000000000000e+00 8.50000000000000e+01 0.00000000000000e+00
21 0.00000000000000e+00 9.25000000000000e+01 0.00000000000000e+00
22 8.33333333333333e+00 1.00000000000000e+02 0.00000000000000e+00
23 1.66666666666667e+01 1.00000000000000e+02 0.00000000000000e+00
24 2.50000000000000e+01 1.00000000000000e+02 0.00000000000000e+00
25 3.33333333333333e+01 1.00000000000000e+02 0.00000000000000e+00
26 4.16666666666667e+01 1.00000000000000e+02 0.00000000000000e+00
27 5.00000000000000e+01 1.00000000000000e+02 0.00000000000000e+00
28 5.83333333333333e+01 1.00000000000000e+02 0.00000000000000e+00
29 6.66666666666667e+01 1.00000000000000e+02 0.00000000000000e+00
30 7.50000000000000e+01 1.00000000000000e+02 0.00000000000000e+00
31 8.33333333333333e+01 1.00000000000000e+02 0.00000000000000e+00
32 9.16666666666667e+01 1.00000000000000e+02 0.00000000000000e+00
33 1.00000000000000e+02 9.16666666666667e+01 0.00000000000000e+00
34 1.00000000000000e+02 8.33333333333333e+01 0.00000000000000e+00
35 1.00000000000000e+02 7.50000000000000e+01 0.00000000000000e+00
36 1.00000000000000e+02 6.66666666666667e+01 0.00000000000000e+00
37 1.00000000000000e+02 5.83333333333333e+01 0.00000000000000e+00
38 1.00000000000000e+02 5.00000000000000e+01 0.00000000000000e+00
39 1.00000000000000e+02 4.16666666666667e+01 0.00000000000000e+00
40 1.00000000000000e+02 3.33333333333333e+01 0.00000000000000e+00
41 1.00000000000000e+02 2.50000000000000e+01 0.00000000000000e+00
42 1.00000000000000e+02 1.66666666666667e+01 0.00000000000000e+00
43 1.00000000000000e+02 8.33333333333334e+00 0.00000000000000e+00
44 9.25000000000000e+01 0.00000000000000e+00 0.00000000000000e+00
45 8.50000000000000e+01 0.00000000000000e+00 0.00000000000000e+00
46 7.75000000000000e+01 0.00000000000000e+00 0.00000000000000e+00
47 7.00000000000000e+01 0.00000000000000e+00 0.00000000000000e+00
48 6.25000000000000e+01 0.00000000000000e+00 0.00000000000000e+00
49 5.50000000000000e+01 0.00000000000000e+00 0.00000000000000e+00
50 4.75000000000000e+01 0.00000000000000e+00 0.00000000000000e+00
51 4.00000000000000e+01 0.00000000000000e+00 0.00000000000000e+00
52 3.25000000000000e+01 0.00000000000000e+00 0.00000000000000e+00
53 2.50000000000000e+01 0.00000000000000e+00 0.00000000000000e+00
54 1.75000000000000e+01 0.00000000000000e+00 0.00000000000000e+00
55 9.16666666666667e+01 9.16270280328615e+01 0.00000000000000e+00
56 9.16666666666667e+01 8.32540560657229e+01 0.00000000000000e+00
57 9.16666666666666e+01 7.48810840985844e+01 0.00000000000000e+00
58 9.16666666666667e+01 6.65081121314459e+01 0.00000000000000e+00
59 9.16666666666667e+01 5.81351401643073e+01 0.00000000000000e+00
60 9.16666666666667e+01 4.97621681971688e+01 0.00000000000000e+00
61 9.16666666666667e+01 4.13891962300302e+01 0.00000000000000e+00
62 9.16666666666667e+01 3.30162242628917e+01 0.00000000000000e+00
63 9.16666666666667e+01 2.46432522957532e+01 0.00000000000000e+00
64 9.16666666666667e+01 1.62702803286147e+01 0.00000000000000e+00
65 9.21970478811283e+01 8.28164872879077e+00 0.00000000000000e+00
66 8.33333333333333e+01 9.15873893990563e+01 0.00000000000000e+00
67 8.33333333333333e+01 8.31747787981125e+01 0.00000000000000e+00
68 8.33333333333333e+01 7.47621681971688e+01 0.00000000000000e+00
69 8.33333333333333e+01 6.63495575962251e+01 0.00000000000000e+00
70 8.33333333333333e+01 5.79369469952813e+01 0.00000000000000e+00
71 8.33333333333333e+01 4.95243363943376e+01 0.00000000000000e+00
72 8.33333333333333e+01 4.11117257933938e+01 0.00000000000000e+00
73 8.33333333333333e+01 3.26991151924501e+01 0.00000000000000e+00
74 8.33333333333333e+01 2.42865045915064e+01 0.00000000000000e+00
75 8.33333333333333e+01 1.58738939905626e+01 0.00000000000000e+00
76 8.43940957622565e+01 8.22996412424820e+00 0.00000000000000e+00
77 7.50000000000000e+01 9.15477507652511e+01 0.00000000000000e+00
78 7.50000000000000e+01 8.30955015305021e+01 0.00000000000000e+00
79 7.50000000000000e+01 7.46432522957532e+01 0.00000000000000e+00
80 7.50000000000000e+01 6.61910030610043e+01 0.00000000000000e+00
81 7.50000000000000e+01 5.77387538262553e+01 0.00000000000000e+00
82 7.50000000000000e+01 4.92865045915064e+01 0.00000000000000e+00
83 7.50000000000000e+01 4.08342553567574e+01 0.00000000000000e+00
84 7.50000000000000e+01 3.23820061220085e+01 0.00000000000000e+00
85 7.50000000000000e+01 2.39297568872596e+01 0.00000000000000e+00
86 7.50000000000000e+01 1.54775076525106e+01 0.00000000000000e+00
87 7.65911436433848e+01 8.17827951970560e+00 0.00000000000000e+00
88 6.66666666666667e+01 9.15081121314458e+01 0.00000000000000e+00
89 6.66666666666667e+01 8.30162242628917e+01 0.00000000000000e+00
90 6.66666666666667e+01 7.45243363943376e+01 0.00000000000000e+00
91 6.66666666666667e+01 6.60324485257835e+01 0.00000000000000e+00
92 6.66666666666667e+01 5.75405606572293e+01 0.00000000000000e+00
93 6.66666666666667e+01 4.90486727886752e+01 0.00000000000000e+00
94 6.66666666666667e+01 4.05567849201210e+01 0.00000000000000e+00
95 6.66666666666667e+01 3.20648970515669e+01 0.00000000000000e+00
96 6.66666666666667e+01 2.35730091830128e+01 0.00000000000000e+00
97 6.66666666666667e+01 1.50811213144586e+01 0.00000000000000e+00
98 6.87881915245131e+01 8.12659491516305e+00 0.00000000000000e+00
99 5.83333333333334e+01 9.14684734976406e+01 0.00000000000000e+00
100 5.83333333333333e+01 8.29369469952813e+01 0.00000000000000e+00
101 5.83333333333333e+01 7.44054204929220e+01 0.00000000000000e+00
102 5.83333333333333e+01 6.58738939905626e+01 0.00000000000000e+00
103 5.83333333333333e+01 5.73423674882033e+01 0.00000000000000e+00
104 5.83333333333333e+01 4.88108409858440e+01 0.00000000000000e+00
105 5.83333333333333e+01 4.02793144834846e+01 0.00000000000000e+00
106 5.83333333333333e+01 3.17477879811253e+01 0.00000000000000e+00
107 5.83333333333333e+01 2.32162614787660e+01 0.00000000000000e+00
108 5.83333333333333e+01 1.46847349764066e+01 0.00000000000000e+00
109 6.09852394056413e+01 8.07491031062050e+00 0.00000000000000e+00
110 5.00000000000000e+01 9.14288348638354e+01 0.00000000000000e+00
111 5.00000000000000e+01 8.28576697276709e+01 0.00000000000000e+00
112 5.00000000000000e+01 7.42865045915064e+01 0.00000000000000e+00
113 5.00000000000000e+01 6.57153394553418e+01 0.00000000000000e+00
114 5.00000000000000e+01 5.71441743191773e+01 0.00000000000000e+00
115 5.00000000000000e+01 4.85730091830127e+01 0.00000000000000e+00
116 5.00000000000000e+01 4.00018440468482e+01 0.00000000000000e+00
117 5.00000000000000e+01 3.14306789106837e+01 0.00000000000000e+00
118 5.00000000000000e+01 2.28595137745191e+01 0.00000000000000e+00
119 5.00000000000000e+01 1.42883486383546e+01 0.00000000000000e+00
120 5.31822872867696e+01 8.02322570607791e+00 0.00000000000000e+00
121 4.16666666666667e+01 9.13891962300303e+01 0.00000000000000e+00
122 4.16666666666667e+01 8.27783924600605e+01 0.00000000000000e+00
123 4.16666666666667e+01 7.41675886900908e+01 0.00000000000000e+00
124 4.16666666666667e+01 6.55567849201210e+01 0.00000000000000e+00
125 4.16666666666667e+01 5.69459811501513e+01 0.00000000000000e+00
126 4.16666666666667e+01 4.83351773801815e+01 0.00000000000000e+00
127 4.16666666666667e+01 3.97243736102118e+01 0.00000000000000e+00
128 4.16666666666667e+01 3.11135698402421e+01 0.00000000000000e+00
129 4.16666666666667e+01 2.25027660702723e+01 0.00000000000000e+00
130 4.16666666666667e+01 1.38919623003026e+01 0.00000000000000e+00
131 4.53793351678979e+01 7.97154110153534e+00 0.00000000000000e+00
132 3.33333333333333e+01 9.13495575962251e+01 0.00000000000000e+00
133 3.33333333333333e+01 8.26991151924501e+01 0.00000000000000e+00
134 3.33333333333333e+01 7.40486727886752e+01 0.00000000000000e+00
135 3.33333333333333e+01 6.53982303849002e+01 0.00000000000000e+00
136 3.33333333333334e+01 5.67477879811253e+01 0.00000000000000e+00
137 3.33333333333334e+01 4.80973455773503e+01 0.00000000000000e+00
138 3.33333333333334e+01 3.94469031735754e+01 0.00000000000000e+00
139 3.33333333333333e+01 3.07964607698005e+01 0.00000000000000e+00
140 3.33333333333333e+01 2.21460183660255e+01 0.00000000000000e+00
141 3.33333333333333e+01 1.34955759622506e+01 0.00000000000000e+00
142 3.75763830490261e+01 7.91985649699276e+00 0.00000000000000e+00
143 2.50000000000000e+01 9.13099189624199e+01 0.00000000000000e+00
144 2.50000000000000e+01 8.26198379248397e+01 0.00000000000000e+00
145 2.50000000000000e+01 7.39297568872596e+01 0.00000000000000e+00
146 2.50000000000000e+01 6.52396758496794e+01 0.00000000000000e+00
147 2.50000000000000e+01 5.65495948120993e+01 0.00000000000000e+00
148 2.50000000000000e+01 4.78595137745191e+01 0.00000000000000e+00
149 2.50000000000000e+01 3.91694327369390e+01 0.00000000000000e+00
150 2.50000000000000e+01 3.04793516993588e+01 0.00000000000000e+00
151 2.50000000000000e+01 2.17892706617787e+01 0.00000000000000e+00
152 2.50000000000000e+01 1.30991896241986e+01 0.00000000000000e+00
153 2.97734309301544e+01 7.86817189245020e+00 0.00000000000000e+00
154 1.66666666666667e+01 9.12702803286147e+01 0.00000000000000e+00
155 1.66666666666667e+01 8.25405606572293e+01 0.00000000000000e+00
156 1.66666666666667e+01 7.38108409858440e+01 0.00000000000000e+00
157 1.66666666666667e+01 6.50811213144586e+01 0.00000000000000e+00
158 1.66666666666667e+01 5.63514016430733e+01 0.00000000000000e+00
159 1.66666666666667e+01 4.76216819716879e+01 0.00000000000000e+00
160 1.66666666666667e+01 3.88919623003026e+01 0.00000000000000e+00
161 1.66666666666667e+01 3.01622426289172e+01 0.00000000000000e+00
162 1.66666666666667e+01 2.14325229575319e+01 0.00000000000000e+00
163 1.66666666666667e+01 1.27028032861466e+01 0.00000000000000e+00
164 2.19704788112827e+01 7.81648728790763e+00 0.00000000000000e+00
165 8.33333333333333e+00 9.12306416948094e+01 0.00000000000000e+00
166 8.33333333333334e+00 8.24612833896189e+01 0.00000000000000e+00
167 8.33333333333334e+00 7.36919250844284e+01 0.00000000000000e+00
168 8.33333333333334e+00 6.49225667792378e+01 0.00000000000000e+00
169 8.33333333333333e+00 5.61532084740473e+01 0.00000000000000e+00
170 8.33333333333333e+00 4.73838501688567e+01 0.00000000000000e+00
171 8.33333333333332e+00 3.86144918636662e+01 0.00000000000000e+00
172 8.33333333333332e+00 2.98451335584756e+01 0.00000000000000e+00
173 8.33333333333332e+00 2.10757752532851e+01 0.00000000000000e+00
174 8.33333333333333e+00 1.23064169480945e+01 0.00000000000000e+00
175 1.41675266924109e+01 7.76480268336505e+00 0.00000000000000e+00
176 6.25000000000001e+00 9.25253113171339e+01 0.00000000000000e+00
177 6.25000000000001e+00 8.45863639571935e+01 0.00000000000000e+00
178 6.24999999999999e+00 7.66474165972531e+01 0.00000000000000e+00
179 6.25000000000001e+00 6.87084692373127e+01 0.00000000000000e+00
180 6.24999999999999e+00 6.07695218773723e+01 0.00000000000000e+00
181 6.25000000000001e+00 5.28305745174320e+01 0.00000000000000e+00
182 6.25000000000000e+00 4.48916271574916e+01 0.00000000000000e+00
183 6.25000000000001e+00 3.69526797975512e+01 0.00000000000000e+00
184 6.25000000000001e+00 2.90137324376108e+01 0.00000000000000e+00
185 6.24999999999999e+00 2.10747850776704e+01 0.00000000000000e+00
186 6.25000000000000e+00 1.31358377177300e+01 0.00000000000000e+00
187 1.08463984966484e+01 8.79667881113502e+00 0.00000000000000e+00
188 1.53055546214600e+01 2.58121784877055e+00 0.00000000000000e+00
189 4.16666666666666e+00 8.50337484228452e+01 0.00000000000000e+00
190 4.16666666666666e+00 7.79271090433535e+01 0.00000000000000e+00
191 4.16666666666665e+00 7.08204696638618e+01 0.00000000000000e+00
192 4.16666666666665e+00 6.37138302843702e+01 0.00000000000000e+00
193 4.16666666666666e+00 5.66071909048785e+01 0.00000000000000e+00
194 4.16666666666666e+00 4.95005515253868e+01 0.00000000000000e+00
195 4.16666666666667e+00 4.23939121458952e+01 0.00000000000000e+00
196 4.16666666666667e+00 3.52872727664035e+01 0.00000000000000e+00
197 4.16666666666666e+00 2.81806333869118e+01 0.00000000000000e+00
198 4.16666666666666e+00 2.10739940074202e+01 0.00000000000000e+00
199 4.16666666666668e+00 1.39673546279285e+01 0.00000000000000e+00
200 7.31674751434863e+00 9.53795407945092e+00 0.00000000000000e+00
201 1.24660767862675e+01 4.99805240124588e+00 0.00000000000000e+00
202 2.08333333333334e+00 7.75253113171339e+01 0.00000000000000e+00
203 2.08333333333332e+00 7.12528769532895e+01 0.00000000000000e+00
204 2.08333333333334e+00 6.49804425894451e+01 0.00000000000000e+00
205 2.08333333333334e+00 5.87080082256007e+01 0.00000000000000e+00
206 2.08333333333333e+00 5.24355738617563e+01 0.00000000000000e+00
207 2.08333333333334e+00 4.61631394979119e+01 0.00000000000000e+00
208 2.08333333333334e+00 3.98907051340675e+01 0.00000000000000e+00
209 2.08333333333332e+00 3.36182707702231e+01 0.00000000000000e+00
210 2.08333333333333e+00 2.73458364063787e+01 0.00000000000000e+00
211 2.08333333333333e+00 2.10734020425343e+01 0.00000000000000e+00
212 2.08333333333332e+00 1.48009676786899e+01 0.00000000000000e+00
213 3.61865294912209e+00 9.94909769156226e+00 0.00000000000000e+00
214 9.00708723245161e+00 7.07854320005270e+00 0.00000000000000e+00
215 1.30526192220052e+00 9.91444861373810e+00 0.00000000000000e+00
216 3.82683432365090e+00 9.23879532511287e+00 0.00000000000000e+00
217 6.08761429008721e+00 7.93353340291235e+00 0.00000000000000e+00
218 7.93353340291236e+00 6.08761429008720e+00 0.00000000000000e+00
219 9.23879532511287e+00 3.82683432365089e+00 0.00000000000000e+00
220 9.91444861373810e+00 1.30526192220052e+00 0.00000000000000e+00
221 0.00000000000000e+00 1.37500000000000e+01 0.00000000000000e+00
222 0.00000000000000e+00 2.12500000000000e+01 0.00000000000000e+00
223 0.00000000000000e+00 2.87500000000000e+01 0.00000000000000e+00
224 0.00000000000000e+00 3.62500000000000e+01 0.00000000000000e+00
225 0.00000000000000e+00 4.37500000000000e+01 0.00000000000000e+00
226 0.00000000000000e+00 5.12500000000000e+01 0.00000000000000e+00
227 0.00000000000000e+00 5.87500000000000e+01 0.00000000000000e+00
228 0.00000000000000e+00 6.62500000000000e+01 0.00000000000000e+00
229 0.00000000000000e+00 7.37500000000000e+01 0.00000000000000e+00
230 0.00000000000000e+00 8.12500000000000e+01 0.00000000000000e+00
231 0.00000000000000e+00 8.87500000000000e+01 0.00000000000000e+00
232 0.00000000000000e+00 9.62500000000000e+01 0.00000000000000e+00
233 4.16666666666667e+00 1.00000000000000e+02 0.00000000000000e+00
234 1.25000000000000e+01 1.00000000000000e+02 0.00000000000000e+00
235 2.08333333333333e+01 1.00000000000000e+02 0.00000000000000e+00
236 2.91666666666667e+01 1.00000000000000e+02 0.00000000000000e+00
237 3.75000000000000e+01 1.00000000000000e+02 0.00000000000000e+00
238 4.58333333333333e+01 1.00000000000000e+02 0.00000000000000e+00
239 5.41666666666667e+01 1.00000000000000e+02 0.00000000000000e+00
240 6.25000000000000e+01 1.00000000000000e+02 0.00000000000000e+00
241 7.08333333333333e+01 1.00000000000000e+02 0.00000000000000e+00
242 7.91666666666667e+01 1.00000000000000e+02 0.00000000000000e+00
243 8.75000000000000e+01 1.00000000000000e+02 0.00000000000000e+00
244 9.58333333333333e+01 1.00000000000000e+02 0.00000000000000e+00
245 1.00000000000000e+02 9.58333333333333e+01 0.00000000000000e+00
246 1.00000000000000e+02 8.75000000000000e+01 0.00000000000000e+00
247 1.00000000000000e+02 7.91666666666667e+01 0.00000000000000e+00
248 1.00000000000000e+02 7.08333333333333e+01 0.00000000000000e+00
249 1.00000000000000e+02 6.25000000000000e+01 0.00000000000000e+00
250 1.00000000000000e+02 5.41666666666667e+01 0.00000000000000e+00
251 1.00000000000000e+02 4.58333333333333e+01 0.00000000000000e+00
252 1.00000000000000e+02 3.75000000000000e+01 0.00000000000000e+00
253 1.00000000000000e+02 2.91666666666667e+01 0.00000000000000e+00
254 1.00000000000000e+02 2.08333333333333e+01 0.00000000000000e+00
255 1.00000000000000e+02 1.25000000000000e+01 0.00000000000000e+00
256 1.00000000000000e+02 4.16666666666667e+00 0.00000000000000e+00
257 9.62500000000000e+01 0.00000000000000e+00 0.00000000000000e+00
258 8.87500000000000e+01 0.00000000000000e+00 0.00000000000000e+00
259 8.12500000000000e+01 0.00000000000000e+00 0.00000000000000e+00
260 7.37500000000000e+01 0.00000000000000e+00 0.00000000000000e+00
261 6.62500000000000e+01 0.00000000000000e+00 0.00000000000000e+00
262 5.87500000000000e+01 0.00000000000000e+00 0.00000000000000e+00
263 5.12500000000000e+01 0.00000000000000e+00 0.00000000000000e+00
264 4.37500000000000e+01 0.00000000000000e+00 0.00000000000000e+00
265 3.62500000000000e+01 0.00000000000000e+00 0.00000000000000e+00
266 2.87500000000000e+01 0.00000000000000e+00 0.00000000000000e+00
267 2.12500000000000e+01 0.00000000000000e+00 0.00000000000000e+00
268 1.37500000000000e+01 0.00000000000000e+00 0.00000000000000e+00
269 9.58333333333333e+01 9.16468473497641e+01 0.00000000000000e+00
270 9.16666666666667e+01 9.58135140164307e+01 0.00000000000000e+00
271 9.58333333333333e+01 8.32936946995281e+01 0.00000000000000e+00
272 9.16666666666667e+01 8.74405420492922e+01 0.00000000000000e+00
273 9.58333333333333e+01 7.49405420492922e+01 0.00000000000000e+00
274 9.16666666666667e+01 7.90675700821537e+01 0.00000000000000e+00
275 9.58333333333333e+01 6.65873893990563e+01 0.00000000000000e+00
276 9.16666666666667e+01 7.06945981150151e+01 0.00000000000000e+00
277 9.58333333333333e+01 5.82342367488203e+01 0.00000000000000e+00
278 9.16666666666667e+01 6.23216261478766e+01 0.00000000000000e+00
279 9.58333333333333e+01 4.98810840985844e+01 0.00000000000000e+00
280 9.16666666666667e+01 5.39486541807380e+01 0.00000000000000e+00
281 9.58333333333333e+01 4.15279314483484e+01 0.00000000000000e+00
282 9.16666666666667e+01 4.55756822135995e+01 0.00000000000000e+00
283 9.58333333333333e+01 3.31747787981125e+01 0.00000000000000e+00
284 9.16666666666667e+01 3.72027102464610e+01 0.00000000000000e+00
285 9.58333333333333e+01 2.48216261478766e+01 0.00000000000000e+00
286 9.16666666666667e+01 2.88297382793224e+01 0.00000000000000e+00
287 9.58333333333333e+01 1.64684734976407e+01 0.00000000000000e+00
288 9.16666666666667e+01 2.04567663121839e+01 0.00000000000000e+00
289 9.60985239405641e+01 8.30749103106206e+00 0.00000000000000e+00
290 9.19318572738975e+01 1.22759645287027e+01 0.00000000000000e+00
291 9.23485239405641e+01 4.14082436439539e+00 0.00000000000000e+00
292 8.75000000000000e+01 9.16072087159589e+01 0.00000000000000e+00
293 8.33333333333333e+01 9.57936946995281e+01 0.00000000000000e+00
294 8.75000000000000e+01 8.32144174319177e+01 0.00000000000000e+00
295 8.33333333333333e+01 8.73810840985844e+01 0.00000000000000e+00
296 8.75000000000000e+01 7.48216261478766e+01 0.00000000000000e+00
297 8.33333333333333e+01 7.89684734976407e+01 0.00000000000000e+00
298 8.75000000000000e+01 6.64288348638355e+01 0.00000000000000e+00
299 8.33333333333333e+01 7.05558628966969e+01 0.00000000000000e+00
300 8.75000000000000e+01 5.80360435797943e+01 0.00000000000000e+00
301 8.33333333333333e+01 6.21432522957532e+01 0.00000000000000e+00
302 8.75000000000000e+01 4.96432522957532e+01 0.00000000000000e+00
303 8.33333333333333e+01 5.37306416948094e+01 0.00000000000000e+00
304 8.75000000000000e+01 4.12504610117120e+01 0.00000000000000e+00
305 8.33333333333333e+01 4.53180310938657e+01 0.00000000000000e+00
306 8.75000000000000e+01 3.28576697276709e+01 0.00000000000000e+00
307 8.33333333333333e+01 3.69054204929220e+01 0.00000000000000e+00
308 8.75000000000000e+01 2.44648784436298e+01 0.00000000000000e+00
309 8.33333333333333e+01 2.84928098919782e+01 0.00000000000000e+00
310 8.75000000000000e+01 1.60720871595887e+01 0.00000000000000e+00
311 8.33333333333333e+01 2.00801992910345e+01 0.00000000000000e+00
312 8.82955718216924e+01 8.25580642651948e+00 0.00000000000000e+00
313 8.38637145477949e+01 1.20519290574054e+01 0.00000000000000e+00
314 8.46970478811283e+01 4.11498206212410e+00 0.00000000000000e+00
315 7.91666666666667e+01 9.15675700821537e+01 0.00000000000000e+00
316 7.50000000000000e+01 9.57738753826255e+01 0.00000000000000e+00
317 7.91666666666667e+01 8.31351401643073e+01 0.00000000000000e+00
318 7.50000000000000e+01 8.73216261478766e+01 0.00000000000000e+00
319 7.91666666666667e+01 7.47027102464610e+01 0.00000000000000e+00
320 7.50000000000000e+01 7.88693769131277e+01 0.00000000000000e+00
321 7.91666666666667e+01 6.62702803286147e+01 0.00000000000000e+00
322 7.50000000000000e+01 7.04171276783787e+01 0.00000000000000e+00
323 7.91666666666667e+01 5.78378504107683e+01 0.00000000000000e+00
324 7.50000000000000e+01 6.19648784436298e+01 0.00000000000000e+00
325 7.91666666666667e+01 4.94054204929220e+01 0.00000000000000e+00
326 7.50000000000000e+01 5.35126292088808e+01 0.00000000000000e+00
327 7.91666666666667e+01 4.09729905750756e+01 0.00000000000000e+00
328 7.50000000000000e+01 4.50603799741319e+01 0.00000000000000e+00
329 7.91666666666667e+01 3.25405606572293e+01 0.00000000000000e+00
330 7.50000000000000e+01 3.66081307393830e+01 0.00000000000000e+00
331 7.91666666666667e+01 2.41081307393830e+01 0.00000000000000e+00
332 7.50000000000000e+01 2.81558815046340e+01 0.00000000000000e+00
333 7.91666666666667e+01 1.56757008215366e+01 0.00000000000000e+00
334 7.50000000000000e+01 1.97036322698851e+01 0.00000000000000e+00
335 8.04926197028207e+01 8.20412182197690e+00 0.00000000000000e+00
336 7.57955718216924e+01 1.18278935861081e+01 0.00000000000000e+00
337 7.70455718216924e+01 4.08913975985281e+00 0.00000000000000e+00
338 7.08333333333333e+01 9.15279314483485e+01 0.00000000000000e+00
339 6.66666666666667e+01 9.57540560657229e+01 0.00000000000000e+00
340 7.08333333333333e+01 8.30558628966969e+01 0.00000000000000e+00
341 6.66666666666667e+01 8.72621681971688e+01 0.00000000000000e+00
342 7.08333333333333e+01 7.45837943450454e+01 0.00000000000000e+00
343 6.66666666666667e+01 7.87702803286147e+01 0.00000000000000e+00
344 7.08333333333333e+01 6.61117257933938e+01 0.00000000000000e+00
345 6.66666666666667e+01 7.02783924600605e+01 0.00000000000000e+00
346 7.08333333333333e+01 5.76396572417423e+01 0.00000000000000e+00
347 6.66666666666667e+01 6.17865045915064e+01 0.00000000000000e+00
348 7.08333333333333e+01 4.91675886900908e+01 0.00000000000000e+00
349 6.66666666666667e+01 5.32946167229522e+01 0.00000000000000e+00
350 7.08333333333333e+01 4.06955201384392e+01 0.00000000000000e+00
351 6.66666666666667e+01 4.48027288543981e+01 0.00000000000000e+00
352 7.08333333333333e+01 3.22234515867877e+01 0.00000000000000e+00
353 6.66666666666667e+01 3.63108409858440e+01 0.00000000000000e+00
354 7.08333333333333e+01 2.37513830351362e+01 0.00000000000000e+00
355 6.66666666666667e+01 2.78189531172898e+01 0.00000000000000e+00
356 7.08333333333333e+01 1.52793144834846e+01 0.00000000000000e+00
357 6.66666666666667e+01 1.93270652487357e+01 0.00000000000000e+00
358 7.26896675839489e+01 8.15243721743433e+00 0.00000000000000e+00
359 6.77274290955899e+01 1.16038581148108e+01 0.00000000000000e+00
360 6.93940957622565e+01 4.06329745758152e+00 0.00000000000000e+00
361 6.25000000000000e+01 9.14882928145433e+01 0.00000000000000e+00
362 5.83333333333333e+01 9.57342367488203e+01 0.00000000000000e+00
363 6.25000000000000e+01 8.29765856290865e+01 0.00000000000000e+00
364 5.83333333333333e+01 8.72027102464610e+01 0.00000000000000e+00
365 6.25000000000000e+01 7.44648784436298e+01 0.00000000000000e+00
366 5.83333333333333e+01 7.86711837441017e+01 0.00000000000000e+00
367 6.25000000000000e+01 6.59531712581730e+01 0.00000000000000e+00
368 5.83333333333333e+01 7.01396572417423e+01 0.00000000000000e+00
369 6.25000000000000e+01 5.74414640727163e+01 0.00000000000000e+00
370 5.83333333333333e+01 6.16081307393830e+01 0.00000000000000e+00
371 6.25000000000000e+01 4.89297568872596e+01 0.00000000000000e+00
372 5.83333333333333e+01 5.30766042370236e+01 0.00000000000000e+00
373 6.25000000000000e+01 4.04180497018028e+01 0.00000000000000e+00
374 5.83333333333333e+01 4.45450777346643e+01 0.00000000000000e+00
375 6.25000000000000e+01 3.19063425163461e+01 0.00000000000000e+00
376 5.83333333333333e+01 3.60135512323049e+01 0.00000000000000e+00
377 6.25000000000000e+01 2.33946353308894e+01 0.00000000000000e+00
378 5.83333333333333e+01 2.74820247299456e+01 0.00000000000000e+00
379 6.25000000000000e+01 1.48829281454326e+01 0.00000000000000e+00
380 5.83333333333333e+01 1.89504982275863e+01 0.00000000000000e+00
381 6.48867154650772e+01 8.10075261289177e+00 0.00000000000000e+00
382 5.96592863694873e+01 1.13798226435136e+01 0.00000000000000e+00
383 6.17426197028207e+01 4.03745515531025e+00 0.00000000000000e+00
384 5.41666666666667e+01 9.14486541807381e+01 0.00000000000000e+00
385 5.00000000000000e+01 9.57144174319177e+01 0.00000000000000e+00
386 5.41666666666667e+01 8.28973083614761e+01 0.00000000000000e+00
387 5.00000000000000e+01 8.71432522957532e+01 0.00000000000000e+00
388 5.41666666666667e+01 7.43459625422142e+01 0.00000000000000e+00
389 5.00000000000000e+01 7.85720871595886e+01 0.00000000000000e+00
390 5.41666666666667e+01 6.57946167229522e+01 0.00000000000000e+00
391 5.00000000000000e+01 7.00009220234241e+01 0.00000000000000e+00
392 5.41666666666667e+01 5.72432709036903e+01 0.00000000000000e+00
393 5.00000000000000e+01 6.14297568872596e+01 0.00000000000000e+00
394 5.41666666666667e+01 4.86919250844283e+01 0.00000000000000e+00
395 5.00000000000000e+01 5.28585917510950e+01 0.00000000000000e+00
396 5.41666666666667e+01 4.01405792651664e+01 0.00000000000000e+00
397 5.00000000000000e+01 4.42874266149305e+01 0.00000000000000e+00
398 5.41666666666667e+01 3.15892334459045e+01 0.00000000000000e+00
399 5.00000000000000e+01 3.57162614787659e+01 0.00000000000000e+00
400 5.41666666666667e+01 2.30378876266426e+01 0.00000000000000e+00
401 5.00000000000000e+01 2.71450963426014e+01 0.00000000000000e+00
402 5.41666666666667e+01 1.44865418073806e+01 0.00000000000000e+00
403 5.00000000000000e+01 1.85739312064369e+01 0.00000000000000e+00
404 5.70837633462055e+01 8.04906800834920e+00 0.00000000000000e+00
405 5.15911436433848e+01 1.11557871722163e+01 0.00000000000000e+00
406 5.40911436433848e+01 4.01161285303895e+00 0.00000000000000e+00
407 4.58333333333333e+01 9.14090155469329e+01 0.00000000000000e+00
408 4.16666666666667e+01 9.56945981150151e+01 0.00000000000000e+00
409 4.58333333333333e+01 8.28180310938657e+01 0.00000000000000e+00
410 4.16666666666667e+01 8.70837943450454e+01 0.00000000000000e+00
411 4.58333333333333e+01 7.42270466407986e+01 0.00000000000000e+00
412 4.16666666666667e+01 7.84729905750756e+01 0.00000000000000e+00
413 4.58333333333333e+01 6.56360621877314e+01 0.00000000000000e+00
414 4.16666666666667e+01 6.98621868051059e+01 0.00000000000000e+00
415 4.58333333333333e+01 5.70450777346643e+01 0.00000000000000e+00
416 4.16666666666667e+01 6.12513830351362e+01 0.00000000000000e+00
417 4.58333333333333e+01 4.84540932815971e+01 0.00000000000000e+00
418 4.16666666666667e+01 5.26405792651664e+01 0.00000000000000e+00
419 4.58333333333333e+01 3.98631088285300e+01 0.00000000000000e+00
420 4.16666666666667e+01 4.40297754951967e+01 0.00000000000000e+00
421 4.58333333333333e+01 3.12721243754629e+01 0.00000000000000e+00
422 4.16666666666667e+01 3.54189717252269e+01 0.00000000000000e+00
423 4.58333333333333e+01 2.26811399223957e+01 0.00000000000000e+00
424 4.16666666666667e+01 2.68081679552572e+01 0.00000000000000e+00
425 4.58333333333333e+01 1.40901554693286e+01 0.00000000000000e+00
426 4.16666666666667e+01 1.81973641852875e+01 0.00000000000000e+00
427 4.92808112273337e+01 7.99738340380663e+00 0.00000000000000e+00
428 4.35230009172823e+01 1.09317517009190e+01 0.00000000000000e+00
429 4.64396675839489e+01 3.98577055076768e+00 0.00000000000000e+00
430 3.75000000000000e+01 9.13693769131277e+01 0.00000000000000e+00
431 3.33333333333333e+01 9.56747787981125e+01 0.00000000000000e+00
432 3.75000000000000e+01 8.27387538262553e+01 0.00000000000000e+00
433 3.33333333333333e+01 8.70243363943376e+01 0.00000000000000e+00
434 3.75000000000000e+01 7.41081307393830e+01 0.00000000000000e+00
435 3.33333333333333e+01 7.83738939905626e+01 0.00000000000000e+00
436 3.75000000000000e+01 6.54775076525106e+01 0.00000000000000e+00
437 3.33333333333333e+01 6.97234515867877e+01 0.00000000000000e+00
438 3.75000000000000e+01 5.68468845656383e+01 0.00000000000000e+00
439 3.33333333333333e+01 6.10730091830128e+01 0.00000000000000e+00
440 3.75000000000000e+01 4.82162614787659e+01 0.00000000000000e+00
441 3.33333333333334e+01 5.24225667792378e+01 0.00000000000000e+00
442 3.75000000000000e+01 3.95856383918936e+01 0.00000000000000e+00
443 3.33333333333334e+01 4.37721243754629e+01 0.00000000000000e+00
444 3.75000000000000e+01 3.09550153050213e+01 0.00000000000000e+00
445 3.33333333333333e+01 3.51216819716879e+01 0.00000000000000e+00
446 3.75000000000000e+01 2.23243922181489e+01 0.00000000000000e+00
447 3.33333333333333e+01 2.64712395679130e+01 0.00000000000000e+00
448 3.75000000000000e+01 1.36937691312766e+01 0.00000000000000e+00
449 3.33333333333333e+01 1.78207971641381e+01 0.00000000000000e+00
450 4.14778591084620e+01 7.94569879926405e+00 0.00000000000000e+00
451 3.54548581911797e+01 1.07077162296217e+01 0.00000000000000e+00
452 3.87881915245131e+01 3.95992824849638e+00 0.00000000000000e+00
453 2.91666666666667e+01 9.13297382793225e+01 0.00000000000000e+00
454 2.50000000000000e+01 9.56549594812099e+01 0.00000000000000e+00
455 2.91666666666667e+01 8.26594765586449e+01 0.00000000000000e+00
456 2.50000000000000e+01 8.69648784436298e+01 0.00000000000000e+00
457 2.91666666666667e+01 7.39892148379674e+01 0.00000000000000e+00
458 2.50000000000000e+01 7.82747974060496e+01 0.00000000000000e+00
459 2.91666666666667e+01 6.53189531172898e+01 0.00000000000000e+00
460 2.50000000000000e+01 6.95847163684695e+01 0.00000000000000e+00
461 2.91666666666667e+01 5.66486913966123e+01 0.00000000000000e+00
462 2.50000000000000e+01 6.08946353308894e+01 0.00000000000000e+00
463 2.91666666666667e+01 4.79784296759347e+01 0.00000000000000e+00
464 2.50000000000000e+01 5.22045542933092e+01 0.00000000000000e+00
465 2.91666666666667e+01 3.93081679552572e+01 0.00000000000000e+00
466 2.50000000000000e+01 4.35144732557291e+01 0.00000000000000e+00
467 2.91666666666667e+01 3.06379062345797e+01 0.00000000000000e+00
468 2.50000000000000e+01 3.48243922181489e+01 0.00000000000000e+00
469 2.91666666666667e+01 2.19676445139021e+01 0.00000000000000e+00
470 2.50000000000000e+01 2.61343111805688e+01 0.00000000000000e+00
471 2.91666666666667e+01 1.32973827932246e+01 0.00000000000000e+00
472 2.50000000000000e+01 1.74442301429886e+01 0.00000000000000e+00
473 3.36749069895903e+01 7.89401419472148e+00 0.00000000000000e+00
474 2.73867154650772e+01 1.04836807583244e+01 0.00000000000000e+00
475 3.11367154650772e+01 3.93408594622510e+00 0.00000000000000e+00
476 2.08333333333333e+01 9.12900996455173e+01 0.00000000000000e+00
477 1.66666666666667e+01 9.56351401643073e+01 0.00000000000000e+00
478 2.08333333333333e+01 8.25801992910345e+01 0.00000000000000e+00
479 1.66666666666667e+01 8.69054204929220e+01 0.00000000000000e+00
480 2.08333333333333e+01 7.38702989365518e+01 0.00000000000000e+00
481 1.66666666666667e+01 7.81757008215366e+01 0.00000000000000e+00
482 2.08333333333333e+01 6.51603985820690e+01 0.00000000000000e+00
483 1.66666666666667e+01 6.94459811501513e+01 0.00000000000000e+00
484 2.08333333333333e+01 5.64504982275863e+01 0.00000000000000e+00
485 1.66666666666667e+01 6.07162614787660e+01 0.00000000000000e+00
486 2.08333333333333e+01 4.77405978731035e+01 0.00000000000000e+00
487 1.66666666666667e+01 5.19865418073806e+01 0.00000000000000e+00
488 2.08333333333333e+01 3.90306975186208e+01 0.00000000000000e+00
489 1.66666666666667e+01 4.32568221359953e+01 0.00000000000000e+00
490 2.08333333333333e+01 3.03207971641380e+01 0.00000000000000e+00
491 1.66666666666667e+01 3.45271024646099e+01 0.00000000000000e+00
492 2.08333333333333e+01 2.16108968096553e+01 0.00000000000000e+00
493 1.66666666666667e+01 2.57973827932246e+01 0.00000000000000e+00
494 2.08333333333333e+01 1.29009964551726e+01 0.00000000000000e+00
495 1.66666666666667e+01 1.70676631218392e+01 0.00000000000000e+00
496 2.58719548707185e+01 7.84232959017891e+00 0.00000000000000e+00
497 1.93185727389747e+01 1.02596452870271e+01 0.00000000000000e+00
498 2.34852394056413e+01 3.90824364395382e+00 0.00000000000000e+00
499 1.25000000000000e+01 9.12504610117120e+01 0.00000000000000e+00
500 8.33333333333334e+00 9.56153208474047e+01 0.00000000000000e+00
501 1.25000000000000e+01 8.25009220234241e+01 0.00000000000000e+00
502 8.33333333333334e+00 8.68459625422142e+01 0.00000000000000e+00
503 1.25000000000000e+01 7.37513830351362e+01 0.00000000000000e+00
504 8.33333333333334e+00 7.80766042370236e+01 0.00000000000000e+00
505 1.25000000000000e+01 6.50018440468482e+01 0.00000000000000e+00
506 8.33333333333334e+00 6.93072459318331e+01 0.00000000000000e+00
507 1.25000000000000e+01 5.62523050585603e+01 0.00000000000000e+00
508 8.33333333333334e+00 6.05378876266425e+01 0.00000000000000e+00
509 1.25000000000000e+01 4.75027660702723e+01 0.00000000000000e+00
510 8.33333333333333e+00 5.17685293214520e+01 0.00000000000000e+00
511 1.25000000000000e+01 3.87532270819844e+01 0.00000000000000e+00
512 8.33333333333332e+00 4.29991710162614e+01 0.00000000000000e+00
513 1.25000000000000e+01 3.00036880936964e+01 0.00000000000000e+00
514 8.33333333333332e+00 3.42298127110709e+01 0.00000000000000e+00
515 1.25000000000000e+01 2.12541491054085e+01 0.00000000000000e+00
516 8.33333333333332e+00 2.54604544058804e+01 0.00000000000000e+00
517 1.25000000000000e+01 1.25046101171206e+01 0.00000000000000e+00
518 8.33333333333332e+00 1.66910961006898e+01 0.00000000000000e+00
519 1.80690027518468e+01 7.79064498563634e+00 0.00000000000000e+00
520 1.12504300128721e+01 1.00356098157298e+01 0.00000000000000e+00
521 1.58337633462055e+01 3.88240134168252e+00 0.00000000000000e+00
522 7.29166666666666e+00 8.79085028260015e+01 0.00000000000000e+00
523 6.25000000000001e+00 8.85558376371637e+01 0.00000000000000e+00
524 7.29166666666668e+00 9.62626556585669e+01 0.00000000000000e+00
525 7.29166666666666e+00 7.95543499934360e+01 0.00000000000000e+00
526 6.25000000000000e+00 8.06168902772233e+01 0.00000000000000e+00
527 7.29166666666667e+00 7.12001971608705e+01 0.00000000000000e+00
528 6.25000000000000e+00 7.26779429172829e+01 0.00000000000000e+00
529 7.29166666666666e+00 6.28460443283051e+01 0.00000000000000e+00
530 6.25000000000000e+00 6.47389955573425e+01 0.00000000000000e+00
531 7.29166666666666e+00 5.44918914957396e+01 0.00000000000000e+00
532 6.25000000000000e+00 5.68000481974021e+01 0.00000000000000e+00
533 7.29166666666666e+00 4.61377386631741e+01 0.00000000000000e+00
534 6.25000000000001e+00 4.88611008374618e+01 0.00000000000000e+00
535 7.29166666666666e+00 3.77835858306087e+01 0.00000000000000e+00
536 6.25000000000001e+00 4.09221534775214e+01 0.00000000000000e+00
537 7.29166666666666e+00 2.94294329980432e+01 0.00000000000000e+00
538 6.25000000000001e+00 3.29832061175810e+01 0.00000000000000e+00
539 7.29166666666666e+00 2.10752801654778e+01 0.00000000000000e+00
540 6.25000000000000e+00 2.50442587576406e+01 0.00000000000000e+00
541 7.29166666666666e+00 1.27211273329123e+01 0.00000000000000e+00
542 6.24999999999999e+00 1.71053113977002e+01 0.00000000000000e+00
543 1.25069625945297e+01 8.28074074725003e+00 0.00000000000000e+00
544 8.54819924832422e+00 1.09662582644325e+01 0.00000000000000e+00
545 1.64027773107300e+01 1.29060892438527e+00 0.00000000000000e+00
546 1.30759765590542e+01 5.68894832995279e+00 0.00000000000000e+00
547 5.20833333333334e+00 8.12567365002735e+01 0.00000000000000e+00
548 4.16666666666666e+00 8.14804287330993e+01 0.00000000000000e+00
549 5.20833333333334e+00 8.87795298699895e+01 0.00000000000000e+00
550 5.20833333333332e+00 7.37339431305575e+01 0.00000000000000e+00
551 4.16666666666666e+00 7.43737893536077e+01 0.00000000000000e+00
552 5.20833333333333e+00 6.62111497608415e+01 0.00000000000000e+00
553 4.16666666666665e+00 6.72671499741160e+01 0.00000000000000e+00
554 5.20833333333333e+00 5.86883563911254e+01 0.00000000000000e+00
555 4.16666666666666e+00 6.01605105946243e+01 0.00000000000000e+00
556 5.20833333333334e+00 5.11655630214094e+01 0.00000000000000e+00
557 4.16666666666666e+00 5.30538712151327e+01 0.00000000000000e+00
558 5.20833333333334e+00 4.36427696516934e+01 0.00000000000000e+00
559 4.16666666666666e+00 4.59472318356410e+01 0.00000000000000e+00
560 5.20833333333334e+00 3.61199762819773e+01 0.00000000000000e+00
561 4.16666666666667e+00 3.88405924561493e+01 0.00000000000000e+00
562 5.20833333333334e+00 2.85971829122613e+01 0.00000000000000e+00
563 4.16666666666666e+00 3.17339530766576e+01 0.00000000000000e+00
564 5.20833333333333e+00 2.10743895425453e+01 0.00000000000000e+00
565 4.16666666666666e+00 2.46273136971660e+01 0.00000000000000e+00
566 5.20833333333334e+00 1.35515961728293e+01 0.00000000000000e+00
567 4.16666666666667e+00 1.75206743176743e+01 0.00000000000000e+00
568 9.08157300549853e+00 9.16731644529297e+00 0.00000000000000e+00
569 5.74170709050765e+00 1.17526543536897e+01 0.00000000000000e+00
570 1.38858157038638e+01 3.78963512500821e+00 0.00000000000000e+00
571 9.89141215030808e+00 7.26800324034840e+00 0.00000000000000e+00
572 3.12499999999999e+00 7.45899929983215e+01 0.00000000000000e+00
573 2.08333333333333e+00 7.43890941352117e+01 0.00000000000000e+00
574 3.12499999999999e+00 8.12795298699895e+01 0.00000000000000e+00
575 3.12499999999999e+00 6.79004561266534e+01 0.00000000000000e+00
576 2.08333333333333e+00 6.81166597713673e+01 0.00000000000000e+00
577 3.12499999999999e+00 6.12109192549854e+01 0.00000000000000e+00
578 2.08333333333334e+00 6.18442254075229e+01 0.00000000000000e+00
579 3.12499999999999e+00 5.45213823833174e+01 0.00000000000000e+00
580 2.08333333333334e+00 5.55717910436785e+01 0.00000000000000e+00
581 3.12500000000000e+00 4.78318455116493e+01 0.00000000000000e+00
582 2.08333333333334e+00 4.92993566798341e+01 0.00000000000000e+00
583 3.12500000000001e+00 4.11423086399813e+01 0.00000000000000e+00
584 2.08333333333334e+00 4.30269223159897e+01 0.00000000000000e+00
585 3.12499999999999e+00 3.44527717683133e+01 0.00000000000000e+00
586 2.08333333333334e+00 3.67544879521453e+01 0.00000000000000e+00
587 3.12499999999999e+00 2.77632348966452e+01 0.00000000000000e+00
588 2.08333333333332e+00 3.04820535883009e+01 0.00000000000000e+00
589 3.12499999999999e+00 2.10736980249772e+01 0.00000000000000e+00
590 2.08333333333333e+00 2.42096192244565e+01 0.00000000000000e+00
591 3.12500000000000e+00 1.43841611533092e+01 0.00000000000000e+00
592 2.08333333333332e+00 1.79371848606121e+01 0.00000000000000e+00
593 5.46770023173536e+00 9.74352588550659e+00 0.00000000000000e+00
594 2.85099314122771e+00 1.23750326851261e+01 0.00000000000000e+00
595 1.07365820093596e+01 6.03829780064929e+00 0.00000000000000e+00
596 6.31287009078685e+00 8.51382044580748e+00 0.00000000000000e+00
597 3.12500000000001e+00 9.25126556585669e+01 0.00000000000000e+00
598 2.08333333333333e+00 8.50168742114226e+01 0.00000000000000e+00
599 1.04166666666666e+00 7.75126556585669e+01 0.00000000000000e+00
600 1.04166666666666e+00 7.06264384766447e+01 0.00000000000000e+00
601 1.04166666666666e+00 6.37402212947225e+01 0.00000000000000e+00
602 1.04166666666666e+00 5.68540041128003e+01 0.00000000000000e+00
603 1.04166666666666e+00 4.99677869308781e+01 0.00000000000000e+00
604 1.04166666666666e+00 4.30815697489559e+01 0.00000000000000e+00
605 1.04166666666667e+00 3.61953525670337e+01 0.00000000000000e+00
606 1.04166666666666e+00 2.93091353851115e+01 0.00000000000000e+00
607 1.04166666666666e+00 2.24229182031893e+01 0.00000000000000e+00
608 1.04166666666666e+00 1.55367010212671e+01 0.00000000000000e+00
609 2.33576189217926e+00 1.22301129707903e+01 0.00000000000000e+00
610 4.30932647456105e+00 9.30467586470332e+00 0.00000000000000e+00
611 8.03907752215854e+00 7.07480550595908e+00 0.00000000000000e+00
612 1.05631654120560e+01 4.99902620062294e+00 0.00000000000000e+00
613 1.24824064421753e+01 2.58470414989787e+00 0.00000000000000e+00
1 103 2 6 215 
2 103 6 7 216 
3 103 7 8 217 
4 103 8 9 218 
5 103 9 10 219 
6 103 10 1 220 
7 103 2 11 221 
8 103 11 12 222 
9 103 12 13 223 
10 103 13 14 224 
11 103 14 15 225 
12 103 15 16 226 
13 103 16 17 227 
14 103 17 18 228 
15 103 18 19 229 
16 103 19 20 230 
17 103 20 21 231 
18 103 21 3 232 
19 103 3 22 233 
20 103 22 23 234 
21 103 23 24 235 
22 103 24 25 236 
23 103 25 26 237 
24 103 26 27 238 
25 103 27 28 239 
26 103 28 29 240 
27 103 29 30 241 
28 103 30 31 242 
29 103 31 32 243 
30 103 32 4 244 
31 103 4 33 245 
32 103 33 34 246 
33 103 34 35 247 
34 103 35 36 248 
35 103 36 37 249 
36 103 37 38 250 
37 103 38 39 251 
38 103 39 40 252 
39 103 40 41 253 
40 103 41 42 254 
41 103 42 43 255 
42 103 43 5 256 
43 103 5 44 257 
44 103 44 45 258 
45 103 45 46 259 
46 103 46 47 260 
47 103 47 48 261 
48 103 48 49 262 
49 103 49 50 263 
50 103 50 51 264 
51 103 51 52 265 
52 103 52 53 266 
53 103 53 54 267 
54 103 54 1 268 
55 208 4 33 55 32 245 269 270 244 
56 208 33 34 56 55 246 271 272 269 
57 208 34 35 57 56 247 273 274 271 
58 208 35 36 58 57 248 275 276 273 
59 208 36 37 59 58 249 277 278 275 
60 208 37 38 60 59 250 279 280 277 
61 208 38 39 61 60 251 281 282 279 
62 208 39 40 62 61 252 283 284 281 
63 208 40 41 63 62 253 285 286 283 
64 208 41 42 64 63 254 287 288 285 
65 208 42 43 65 64 255 289 290 287 
66 208 43 5 44 65 256 257 291 289 
67 208 32 55 66 31 270 292 293 243 
68 208 55 56 67 66 272 294 295 292 
69 208 56 57 68 67 274 296 297 294 
70 208 57 58 69 68 276 298 299 296 
71 208 58 59 70 69 278 300 301 298 
72 208 59 60 71 70 280 302 303 300 
73 208 60 61 72 71 282 304 305 302 
74 208 61 62 73 72 284 306 307 304 
75 208 62 63 74 73 286 308 309 306 
76 208 63 64 75 74 288 310 311 308 
77 208 64 65 76 75 290 312 313 310 
78 208 65 44 45 76 291 258 314 312 
79 208 31 66 77 30 293 315 316 242 
80 208 66 67 78 77 295 317 318 315 
81 208 67 68 79 78 297 319 320 317 
82 208 68 69 80 79 299 321 322 319 
83 208 69 70 81 80 301 323 324 321 
84 208 70 71 82 81 303 325 326 323 
85 208 71 72 83 82 305 327 328 325 
86 208 72 73 84 83 307 329 330 327 
87 208 73 74 85 84 309 331 332 329 
88 208 74 75 86 85 311 333 334 331 
89 208 75 76 87 86 313 335 336 333 
90 208 76 45 46 87 314 259 337 335 
91 208 30 77 88 29 316 338 339 241 
92 208 77 78 89 88 318 340 341 338 
93 208 78 79 90 89 320 342 343 340 
94 208 79 80 91 90 322 344 345 342 
95 208 80 81 92 91 324 346 347 344 
96 208 81 82 93 92 326 348 349 346 
97 208 82 83 94 93 328 350 351 348 
98 208 83 84 95 94 330 352 353 350 
99 208 84 85 96 95 332 354 355 352 
100 208 85 86 97 96 334 356 357 354 
101 208 86 87 98 97 336 358 359 356 
102 208 87 46 47 98 337 260 360 358 
103 208 29 88 99 28 339 361 362 240 
104 208 88 89 100 99 341 363 364 361 
105 208 89 90 101 100 343 365 366 363 
106 208 90 91 102 101 345 367 368 365 
107 208 91 92 103 102 347 369 370 367 
108 208 92 93 104 103 349 371 372 369 
109 208 93 94 105 104 351 373 374 371 
110 208 94 95 106 105 353 375 376 373 
111 208 95 96 107 106 355 377 378 375 
112 208 96 97 108 107 357 379 380 377 
113 208 97 98 109 108 359 381 382 379 
114 208 98 47 48 109 360 261 383 381 
115 208 28 99 110 27 362 384 385 239 
116 208 99 100 111 110 364 386 387 384 
117 208 100 101 112 111 366 388 389 386 
118 208 101 102 113 112 368 390 391 388 
119 208 102 103 114 113 370 392 393 390 
120 208 103 104 115 114 372 394 395 392 
121 208 104 105 116 115 374 396 397 394 
122 208 105 106 117 116 376 398 399 396 
123 208 106 107 118 117 378 400 401 398 
124 208 107 108 119 118 380 402 403 400 
125 208 108 109 120 119 382 404 405 402 
126 208 109 48 49 120 383 262 406 404 
127 208 27 110 121 26 385 407 408 238 
128 208 110 111 122 121 387 409 410 407 
129 208 111 112 123 122 389 411 412 409 
130 208 112 113 124 123 391 413 414 411 
131 208 113 114 125 124 393 415 416 413 
132 208 114 115 126 125 395 417 418 415 
133 208 115 116 127 126 397 419 420 417 
134 208 116 117 128 127 399 421 422 419 
135 208 117 118 129 128 401 423 424 421 
136 208 118 119 130 129 403 425 426 423 
137 208 119 120 131 130 405 427 428 425 
138 208 120 49 50 131 406 263 429 427 
139 208 26 121 132 25 408 430 431 237 
140 208 121 122 133 132 410 432 433 430 
141 208 122 123 134 133 412 434 435 432 
142 208 123 124 135 134 414 436 437 434 
143 208 124 125 136 135 416 438 439 436 
144 208 125 126 137 136 418 440 441 438 
145 208 126 127 138 137 420 442 443 440 
146 208 127 128 139 138 422 444 445 442 
147 208 128 129 140 139 424 446 447 444 
148 208 129 130 141 140 426 448 449 446 
149 208 130 131 142 141 428 450 451 448 
150 208 131 50 51 142 429 264 452 450 
151 208 25 132 143 24 431 453 454 236 
152 208 132 133 144 143 433 455 456 453 
153 208 133 134 145 144 435 457 458 455 
154 208 134 135 146 145 437 459 460 457 
155 208 135 136 147 146 439 461 462 459 
156 208 136 137 148 147 441 463 464 461 
157 208 137 138 149 148 443 465 466 463 
158 208 138 139 150 149 445 467 468 465 
159 208 139 140 151 150 447 469 470 467 
160 208 140 141 152 151 449 471 472 469 
161 208 141 142 153 152 451 473 474 471 
162 208 142 51 52 153 452 265 475 473 
163 208 24 143 154 23 454 476 477 235 
164 208 143 144 155 154 456 478 479 476 
165 208 144 145 156 155 458 480 481 478 
166 208 145 146 157 156 460 482 483 480 
167 208 146 147 158 157 462 484 485 482 
168 208 147 148 159 158 464 486 487 484 
169 208 148 149 160 159 466 488 489 486 
170 208 149 150 161 160 468 490 491 488 
171 208 150 151 162 161 470 492 493 490 
172 208 151 152 163 162 472 494 495 492 
173 208 152 153 164 163 474 496 497 494 
174 208 153 52 53 164 475 266 498 496 
175 208 23 154 165 22 477 499 500 234 
176 208 154 155 166 165 479 501 502 499 
177 208 155 156 167 166 481 503 504 501 
178 208 156 157 168 167 483 505 506 503 
179 208 157 158 169 168 485 507 508 505 
180 208 158 159 170 169 487 509 510 507 
181 208 159 160 171 170 489 511 512 509 
182 208 160 161 172 171 491 513 514 511 
183 208 161 162 173 172 493 515 516 513 
184 208 162 163 174 173 495 517 518 515 
185 208 163 164 175 174 497 519 520 517 
186 208 164 53 54 175 498 267 521 519 
187 208 22 165 177 176 500 522 523 524 
188 208 165 166 178 177 502 525 526 522 
189 208 166 167 179 178 504 527 528 525 
190 208 167 168 180 179 506 529 530 527 
191 208 168 169 181 180 508 531 532 529 
192 208 169 170 182 181 510 533 534 531 
193 208 170 171 183 182 512 535 536 533 
194 208 171 172 184 183 514 537 538 535 
195 208 172 173 185 184 516 539 540 537 
196 208 173 174 186 185 518 541 542 539 
197 208 174 175 187 186 520 543 544 541 
198 208 175 54 188 187 521 545 546 543 
199 208 176 177 190 189 523 547 548 549 
200 208 177 178 191 190 526 550 551 547 
201 208 178 179 192 191 528 552 553 550 
202 208 179 180 193 192 530 554 555 552 
203 208 180 181 194 193 532 556 557 554 
204 208 181 182 195 194 534 558 559 556 
205 208 182 183 196 195 536 560 561 558 
206 208 183 184 197 196 538 562 563 560 
207 208 184 185 198 197 540 564 565 562 
208 208 185 186 199 198 542 566 567 564 
209 208 186 187 200 199 544 568 569 566 
210 208 187 188 201 200 546 570 571 568 
211 208 189 190 203 202 548 572 573 574 
212 208 190 191 204 203 551 575 576 572 
213 208 191 192 205 204 553 577 578 575 
214 208 192 193 206 205 555 579 580 577 
215 208 193 194 207 206 557 581 582 579 
216 208 194 195 208 207 559 583 584 581 
217 208 195 196 209 208 561 585 586 583 
218 208 196 197 210 209 563 587 588 585 
219 208 197 198 211 210 565 589 590 587 
220 208 198 199 212 211 567 591 592 589 
221 208 199 200 213 212 569 593 594 591 
222 208 200 201 214 213 571 595 596 593 
223 208 22 176 21 3 524 597 232 233 
224 208 176 189 20 21 549 598 231 597 
225 208 189 202 19 20 574 599 230 598 
226 208 202 203 18 19 573 600 229 599 
227 208 203 204 17 18 576 601 228 600 
228 208 204 205 16 17 578 602 227 601 
229 208 205 206 15 16 580 603 226 602 
230 208 206 207 14 15 582 604 225 603 
231 208 207 208 13 14 584 605 224 604 
232 208 208 209 12 13 586 606 223 605 
233 208 209 210 11 12 588 607 222 606 
234 208 210 211 2 11 590 608 221 607 
235 208 211 212 6 2 592 609 215 608 
236 208 212 213 7 6 594 610 216 609 
237 208 213 214 8 7 596 611 217 610 
238 208 214 201 9 8 595 612 218 611 
239 208 201 188 10 9 570 613 219 612 
240 208 188 54 1 10 545 268 220 613 
