0.0010709533408124721
-0.00039560525085480496
0.0
-0.0005655343679343241
0.0
-0.0016713684527030687
0.0049388076084451735
-0.0013846476565850163
0.0001201743624876272
-0.0005635983694750694
0.00023945607563001124
-0.0005578100516944738
0.0003569854126947203
-0.0005482340431279259
0.0004719604852715936
-0.0005349935094725833
0.0005836499206882704
-0.0005182844508610023
0.0006913936071082516
-0.000498384432244005
0.0007945931088836757
-0.00047565482431339087
0.0008926872076845143
-0.00045054355523872904
0.0009850852758248978
-0.0004236076217236462
0.0
-0.0006596042089818117
0.0
-0.0007139652706930917
0.0
-0.0008022554835337005
0.0
-0.0009094116455429349
0.0
-0.0010271432543717614
0.0
-0.0011511943056376065
0.0
-0.0012791383120040606
0.0
-0.0014094019773141552
0.0
-0.0015406757696863266
0.0004808110019318956
-0.001665338571235576
0.000964237629754358
-0.0016482426560582718
0.0014519798262208128
-0.0016226518257141742
0.0019443876604058885
-0.001591736003936078
0.002440643928137935
-0.0015582596874188536
0.002939337905734184
-0.0015239839774752403
0.003439093070736377
-0.0014895919445236322
0.003939015365502044
-0.0014550154234834528
0.004438863989943797
-0.0014200014202347619
0.0010717233147997975
-0.00032447679690658
0.0014508677686844167
-0.00043706474317472047
0.0018820250202797096
-0.0005691389657021778
0.0023243112456243723
-0.0007010071389004089
0.0027670838873353025
-0.0008278132383868498
0.0032066063735027104
-0.0009480164224861377
0.003642217076762923
-0.0010618939737531462
0.004075093623442898
-0.0011711512616215853
0.004506983350982353
-0.0012781387493399612
0.0009654564594940117
-0.0003554103330021669
0.0013074943088887585
-0.00046266234343339443
0.001696192592371746
-0.0005908108729422326
0.0020945230883700817
-0.0007210926803136964
0.0024931704358735936
-0.0008483639966968189
0.0028886872035193867
-0.0009706311527854052
0.003280077010306387
-0.0010876220600953609
0.0036679404868784743
-0.0012003822389599665
0.004053768417034955
-0.0013106726715114258
0.000855776771315315
-0.0003926753595907955
0.0011615512435705834
-0.0004927904438515064
0.001507860580505564
-0.0006153114970579095
0.0018623628825595244
-0.0007431736250284905
0.002217073046208203
-0.0008702902985206099
0.0025688112211415533
-0.000994024270526619
0.002916353896469684
-0.0011135622997461873
0.003259765513152553
-0.0012293547923461184
0.003600129346730981
-0.0013427099847449055
0.0007445427756506694
-0.000434487219282725
0.0010138340556160757
-0.0005257536428121783
0.0013174866351332523
-0.0006422276678754339
0.0016282624018347078
-0.000767251170832813
0.0019391686525570022
-0.0008936835040081365
0.002247292952842897
-0.0010183758221449337
0.0025512947819235302
-0.0011400115595677437
0.0028507568753445124
-0.0012584626832862751
0.0031461905882698947
-0.0013745542813614227
0.000633092915997714
-0.00047901090250933244
0.0008650037296771377
-0.0005608572467542483
0.0011258769272381873
-0.0006713746514405978
0.0013929555500717236
-0.000793136576664922
0.0016600648829452006
-0.0009183923331139565
0.0019246389228913335
-0.0010435884888572323
0.002185310562246403
-0.0011669531643645583
0.0024412648173526823
-0.0012878202299639735
0.00269231881399291
-0.0014064706930400606
0.0005225473537541957
-0.0005240215764637511
0.0007161150835312553
-0.0005970604122498373
0.0009341189626328244
-0.0007018332795478182
0.0011573533849202429
-0.0008200990560367908
0.0013805484408336754
-0.0009438306961139731
0.0016015252090981797
-0.001069149161015845
0.001818968347485922
-0.0011939341070356824
0.0020317918836683783
-0.0013170764698934533
0.002239109938185799
-0.0014383030257923315
0.00041378235801234385
-0.0005668555973515336
0.0005683748557830738
-0.000632574050360678
0.0007433040516990786
-0.0007320079658214384
0.0009224359988800602
-0.0008468354914410648
0.0011015044188531294
-0.0009688710580733494
0.0012787306639806429
-0.001094021768751481
0.0014529361014595401
-0.001219951466184882
0.001622926822143035
-0.0013452467425543312
0.0017872729386281664
-0.001469157942781364
0.00030731927112432765
-0.0006045524035822897
0.00042278487647179883
-0.0006648651981855021
0.0005543383161628375
-0.000759685285049876
0.0006890647635791884
-0.0008714265732388796
0.0008237308108989556
-0.0009918055921331978
0.0009569777317761488
-0.0011166189370404658
0.0010878438457868312
-0.001243432780482044
0.0012152102935673443
-0.0013706792763114272
0.0013374293245737821
-0.0014972803769507698
0.0002032224580914027
-0.0006341501853012049
0.00027981534593455573
-0.000690965754963535
0.0003676956698938216
-0.0007822368824027016
0.0004577182188219097
-0.0008915231881459552
0.0005476963930120648
-0.001010509698183282
0.0006367119985636712
-0.00113495006609063
0.0007240856284860008
-0.0012623927933820217
0.0008089512308055915
-0.0013912328550202122
0.0008898658106929536
-0.0015202240472379665
0.0001010652403176329
-0.0006530848029412828
0.0001392081668311808
-0.0007080247873840616
0.0001832010234141524
-0.0007970711561456107
0.0002282792938016031
-0.0009047743777595303
0.0002733346704998761
-0.0010228321660386702
0.0003179041972013798
-0.001146988675045051
0.00036163645611060044
-0.0012748075412894267
0.0004040594244031365
-0.0014047015557338614
0.00044433145794641127
-0.001535369399576149
0.001504230852329669
0.0
0.0052621617833555285
0.0
0.001153924772877074
-0.00036802477985993005
0.0012315027311845905
-0.0003383342138487728
0.0013025434126019257
-0.000306845731239285
0.001366150658292007
-0.00027342490277463335
0.0014214881037779817
-0.000237759659067118
0.0014676205466921802
-0.00019939451443543247
0.0015032042495608364
-0.00015768306683895499
0.0015257467720312529
-0.00011168225656582496
0.0015298037782498454
-5.990628690765404e-5
0.004974166983458694
-0.0012345931428075947
0.005009993847058529
-0.0010844155099858095
0.005046960745584505
-0.0009345900932233686
0.005085481337993388
-0.0007861313565325161
0.00512533723783681
-0.0006405910507423679
0.005165255285304517
-0.0004998194456614885
0.005202663492440236
-0.00036545413368373154
0.005233862249005461
-0.00023821089957219124
0.005254775992219875
-0.00011724785974711738
0.004820058179834634
0.0
0.004377828926659354
0.0
0.003938041919830659
0.0
0.0035030540837971244
0.0
0.003075921462653795
0.0
0.0026614684759781407
0.0
0.002269251415868379
0.0
0.001918528636919723
0.0
0.0016744923655393393
0.0
0.0016411917506743803
-2.738050244883248e-5
0.001908093663467754
-2.792756903761818e-5
0.00226137575594181
-4.284715057990192e-5
0.0026547480541530637
-5.842173972624278e-5
0.003069839672632993
-7.30208958737406e-5
0.0034972963595020765
-8.650130335447483e-5
0.0039322934342898635
-9.855565311224791e-5
0.004371774357679018
-0.00010862741864004246
0.004813404283902575
-0.00011559190457963167
0.0016050416899601773
-4.9187202371529014e-5
0.001881692385211072
-5.684262090265192e-5
0.0022389604996293304
-8.79802185890037e-5
0.0026354589972787524
-0.00011884268704027409
0.003052381977730554
-0.0001477904812529836
0.0034807535132392515
-0.00017451600475147343
0.003915770850351133
-0.00019846972422015908
0.004354402370735301
-0.00021862631801062654
0.004794411399123527
-0.00023304980033184662
0.0015574435069745235
-6.973767193692946e-5
0.0018404692480799391
-9.110339723143573e-5
0.002204771209799937
-0.00013731301712638347
0.0026059319194531305
-0.00018272377450116912
0.0030256443368001235
-0.00022552126598506794
0.003455368212614335
-0.00026509119236594784
0.0038904059411056543
-0.00030068240742097367
0.004327829679201785
-0.0003309776310084951
0.004765651152234363
-0.0003537495606723929
0.0014982513357309
-9.294391927709002e-5
0.0017895947603075737
-0.0001309538955531553
0.0021624711336853154
-0.00019124870869154768
0.0025692498471116755
-0.00025056757911086683
0.002992373805436979
-0.0003066245528145075
0.003423701715972079
-0.0003585673430120243
0.0038587586761611374
-0.00040550680628995297
0.0042948629567936426
-0.00044607051759391696
0.004730476458740524
-0.00047830583827387257
0.0014300273944287212
-0.00012094076143182902
0.0017331366032923485
-0.0001758246989301988
0.0021154534686507152
-0.0002495041582029299
0.002528446698202047
-0.0003220573866697301
0.002955279565570332
-0.0003907794158449549
0.0033882935713389337
-0.0004546355132705902
0.0038233831920571515
-0.0005126846019602712
0.004258293734918373
-0.00056374359941577
0.00469211900599456
-0.000606592184778687
0.0013562869607321429
-0.0001543608315492998
0.0016743139461356108
-0.0002246916269301529
0.002066566295866485
-0.00031117016629009914
0.0024859984490183873
-0.0003963185814300337
0.002916567091757677
-0.00047719136418536217
0.0033512191127998293
-0.0005525841461306604
0.0037863777339327332
-0.0006216072766917945
0.004220383642755889
-0.0006834812794306019
0.0046530533412504314
-0.0007379673281541158
0.0012805572098900184
-0.00019280574827799528
0.0016153780297763307
-0.0002762899533606948
0.0020178701854373605
-0.0003750572694911714
0.0024436140365190428
-0.0004722795573635255
0.002877750087547634
-0.0005648991667014195
0.0033139136513790457
-0.0006515743633754354
0.0037491917898093323
-0.0007315598931457259
0.004182634896385776
-0.0008046363297089854
0.004614753122920462
-0.0008715642836438818
0.001205999534134948
-0.00023520818479989787
0.0015576450459173596
-0.0003294603863667279
0.0019706074017017063
-0.00043992746084543674
0.0024023216132693665
-0.0005489061741098475
0.0028397037711686717
-0.0006530096810943902
0.003277204262952853
-0.0007508414553789166
0.003712637879507954
-0.0008418965621515209
0.004145800194767377
-0.0009265980958241562
0.004577770796667806
-0.0010065352936359337
0.0011354194318986665
-0.00027995731136312333
0.001502010204667554
-0.0003834378681101078
0.0019250987973305862
-0.0005048336946595229
0.002362498872466196
-0.000625336226016512
0.00280278897485527
-0.000740807626035575
0.00324143041718924
-0.0008497883928789301
0.0036770093871854375
-0.0009521195281786325
0.00411003792055097
-0.0010488829238090973
0.00454200379090703
-0.0011422099881388927
6.018336232746377e-5
-0.0005651172934014855
0.00018009613853483473
-0.0005612605372022119
0.00029866548621326614
-0.0005535843345924489
0.00041505223993029103
-0.0005421752247660521
0.0005284871721238805
-0.000527186094810689
0.0006382765001644348
-0.0005088499724003615
0.0007437953404901533
-0.00048748603220043603
0.0008444689888452256
-0.0004635011084156485
0.0009397271621703936
-0.00043740091346290873
0.0010288654080118263
-0.0004098470937925988
0.0
-0.0006454588946714927
0.0
-0.0006815297494396392
0.0
-0.0007550179242409892
0.0
-0.0008541305389372809
0.0
-0.0009672806474677486
0.0
-0.0010885566288748887
0.0
-0.0012147867411897188
0.0
-0.0013440594678163686
0.0
-0.001474997298073309
0.0
-0.0016062261501447845
0.0002402441903838551
-0.0016698548910860217
0.0007220963669058948
-0.0016580501505221092
0.001207552818253593
-0.0016363206575442705
0.0016976545445962137
-0.0016076736402467387
0.0021921227297263877
-0.0015751833593915735
0.0026897708101341956
-0.0015411550657915857
0.003189139377009781
-0.0015067924240125667
0.003689053704295456
-0.001472345386088913
0.004188942780534451
-0.0014375738577011993
0.004688816023215332
-0.0014023407403248758
0.0009438106191175737
-0.00028905988567711925
0.001247043446795824
-0.0003742354210975424
0.0016634903966638607
-0.0005023265118738611
0.0021026133538442782
-0.0006354644308098327
0.00254592393158235
-0.0007651583846793328
0.0029873409534894894
-0.000888757729195451
0.0034248663841421503
-0.0010056771584733087
0.0038588995930112684
-0.001116974487629552
0.004291082888515634
-0.0012248067253161875
0.0047229008436509325
-0.0013313972973384755
0.0011132410418501829
-0.000381898812612953
0.0011936577042368243
-0.00035330825512383085
0.0012680988222614957
-0.00032276065409105655
0.0013355478295474647
-0.0002903330813957355
0.0013951480463126945
-0.0002557924893153957
0.0014460365234950608
-0.000218743826342426
0.0014871245047565998
-0.0001786269530360074
0.0015165905321472294
-0.00013466047884952474
0.0015306083179587207
-8.572666934852638e-5
0.0015209657440978907
-3.0212981394404783e-5
0.004956469778506863
-0.0013096395189574398
0.0049919728710982325
-0.0011594895750394153
0.00502829428482504
-0.0010093924600771038
0.005066017046775922
-0.0008600887434037529
0.0051052933378383115
-0.0007128776592282906
0.005145423333227476
-0.0005695071356287436
0.005184493521690726
-0.0004317960929229638
0.005219310658472048
-0.0003010026754115245
0.005245856949972877
-0.00017711184123852435
0.005260309806089336
-5.839462681347077e-5
0.005041324171175696
0.0
0.00459878285743941
0.0
0.004157485094106331
0.0
0.0037197805295125725
0.0
0.0032882609956464024
0.0
0.0028666714689587706
0.0
0.0024617584620811564
0.0
0.0020865313078450433
0.0
0.0017747155385568452
0.0
0.0015851229304314736
-0.00010164225795162452
0.000852534006595669
-0.0003338616529972758
0.0010187278713184715
-0.0003392081989177403
0.001124935382354074
-0.0004056032611363696
0.001379433773450587
-0.00044948311121485686
0.0014996621965158623
-0.0005261592933677888
0.0017892881461316632
-0.0005795919973547165
0.0018949848663967334
-0.0006561488984819407
0.0022095964256665323
-0.000710779511081199
0.0022941005819458547
-0.0007852839405288081
0.002630295353878535
-0.000837893852821836
0.00269142860324318
-0.0009101752391290326
0.0030478085733993045
-0.0009592169340668561
0.003084888913477612
-0.0010297411738307818
0.0034612813685041058
-0.0010747354637792787
0.00347436267243324
-0.0011444201923063648
0.003871598551860909
-0.0011858141332502987
0.0038610038731410183
-0.00125572258993362
0.004280402262678514
-0.001294471246034668
0.004246373835005121
-0.0013654021797252116
0.0007593008064002343
-0.00038076373910142465
0.0009106213475643226
-0.0003733787777121033
0.000999644751751247
-0.00043910507148278374
0.001234731415687605
-0.000477341125128778
0.0013328784578510804
-0.0005526445069595883
0.001602155102360652
-0.0006026454273021335
0.0016847662957188822
-0.0006790463223324366
0.0019785885869297343
-0.000731834436248408
0.002039949791881583
-0.000807041183876287
0.0023552625243666273
-0.0008591022923845072
0.002393420680822886
-0.0009326598010163272
0.002728890422890053
-0.000982182727761033
0.0027431249026661844
-0.001054311397116704
0.00309833661634612
-0.0011005188829096744
0.0030885240375029045
-0.0011718550249261229
0.003463928668325753
-0.001214858040750517
0.003430229044049913
-0.0012862405914051023
0.003826976224475764
-0.001326732569509977
0.0037696693257119915
-0.001398937032112292
0.0006646166883073343
-0.00042871189583394394
0.0008000209601347952
-0.00041308336397339023
0.0008718203825664224
-0.00047550838194691927
0.0010878249619045435
-0.0005088931632715376
0.0011639577612128206
-0.0005821280589764981
0.0014127183827597153
-0.0006283752364705409
0.001472572385499191
-0.0007042734664836508
0.0017453982602593002
-0.0007549165109568366
0.0017839353446443577
-0.0008305479763445606
0.002078210806128869
-0.0008817585596999902
0.002093684422306451
-0.0009563592816517168
0.002408151867036308
-0.0010060447663190922
0.002399853193766194
-0.0010796070899376457
0.0027339126149391007
-0.0011266918729460073
0.002701581745166054
-0.0011995997468363798
0.0030553095745521172
-0.0012438609681668768
0.002998902447136886
-0.0013167223704622553
0.003373156479347942
-0.0013586266581527581
0.0032928231135154274
-0.0014321282731236146
0.0005690979335346005
-0.0004762132205427082
0.000688546242058391
-0.00045650952751152715
0.0007427346166526295
-0.0005144326026373943
0.0009394297884862259
-0.0005429877235421569
0.0009939287461740427
-0.0006139634938157067
0.001221622299779598
-0.0006565000079259697
0.0012591772855659942
-0.00073149239216731
0.0015106070476336114
-0.0007799449525240904
0.0015267107531805003
-0.0008556053454171685
0.0017996309983208036
-0.0009058501092155851
0.0017927687537823013
-0.000981137888165015
0.0020860011430028297
-0.0010308594286540676
0.0020555244296241166
-0.001105563559624556
0.0023683370612393065
-0.0011534116620065603
0.0023139056324444074
-0.0012277012365424567
0.002646011635171703
-0.0012731029265025352
0.00256737852762061
-0.0013473683064743592
0.002919191861194064
-0.0013904908472355585
0.0028162097013719363
-0.001465278477418789
0.00047331344484399405
-0.0005214511101076118
0.0005774439139862492
-0.0005016160167907375
0.0006138078564878569
-0.0005545307499350631
0.0007904188059656084
-0.0005787982330976235
0.000823855440941074
-0.0006470313692992523
0.0010298267736698157
-0.000686468594984533
0.0010455440182592637
-0.0007599276182010474
0.001275043497145079
-0.0008064848184546818
0.001269125856091409
-0.0008815814394897571
0.0015202264142184865
-0.0009310269339734773
0.0014914058022907517
-0.0010064531654426644
0.0017630335399971895
-0.001056337844747648
0.0017107599903034897
-0.0011316972628016195
0.0020021022180888013
-0.0011804600573029817
0.0019260208718474422
-0.0012557475495750656
0.0022364657553029816
-0.0013024899159507807
0.002136179594651809
-0.0013779105378394108
0.002465572884965098
-0.0014224250761744844
0.00234056321571072
-0.001498354817756505
0.0003777075366570225
-0.000562406323941667
0.00046772809238257494
-0.0005459357374225256
0.00048633105669941475
-0.0005935972365843915
0.0006419599728364019
-0.0006149242373662772
0.0006548356670115996
-0.0006796290975914858
0.000838435973825961
-0.0007170267114450735
0.0008327169510027383
-0.0007881511915628877
0.0010396753936530905
-0.0008335342845451444
0.001012116001496513
-0.0009072664019310791
0.0012408496115868235
-0.0009564427451895334
0.0011904270779157266
-0.0010312308163564054
0.0014399908536343509
-0.0010817164558067395
0.0013662832068688552
-0.001156993880201019
0.0016358375644205565
-0.00120711899523957
0.0015385445835910767
-0.0012827412667396304
0.001827229227102913
-0.0013313676590693596
0.0017059102347154959
-0.0014073944449618985
0.002012970787878524
-0.001453933528532786
0.0018668319746550568
-0.0015305613486923206
0.0002825579425636602
-0.00059701275815609
0.0003601109770338989
-0.0005866193979830369
0.0003612190984517986
-0.0006287750973453878
0.0004952022693478984
-0.000649182887881819
0.0004878050566013046
-0.000709413194397103
0.0006484758480187978
-0.0007462621805151868
0.0006215865334618475
-0.0008140999099477814
0.0008054558615218502
-0.0008594713786679604
0.0007565103260292991
-0.0009308576920283905
0.0009623694948020617
-0.0009806739598445283
0.0008905945731066675
-0.0010538369190931855
0.0011176488345515552
-0.0011056782601593332
0.001022772548463054
-0.0011798869145163357
0.0012702139569968956
-0.0012320940302306658
0.0011520558608230367
-0.001307079185793288
0.0014188866409537925
-0.0013584105169493319
0.0012771063355885182
-0.0014341114355082537
0.0015620776357607635
-0.0014836909096377232
0.0013958819125828132
-0.001560122752811713
0.00018796078538763954
-0.0006233482775604452
0.0002548924159421962
-0.0006206553351366306
0.00023880265337745602
-0.0006569328259311108
0.0003509183338299154
-0.0006787649844906601
0.0003232431514903322
-0.000733603983146147
0.00046067014462105644
-0.0007717158566363243
0.0004126300526893562
-0.0008352879127706352
0.0005730869389789279
-0.0008821215279044386
0.0005027836587968292
-0.0009501281691548829
0.0006854505384570383
-0.0010017705994850457
0.0005923681474897719
-0.0010722276896113967
0.0007966204963141553
-0.001126402328814205
0.0006806520693926578
-0.0011984071082004133
0.0009057697588805112
-0.0012535735499616407
0.0007669080385433148
-0.0013267196252884342
0.0010118865970396268
-0.0013816846262251832
0.0008500393835726603
-0.0014557813644461674
0.0011133747937130372
-0.00150955311623849
0.000928125070780947
-0.0015844197527316714
9.384281034653045e-5
-0.0006398411814179985
0.00015188737809746953
-0.0006452239662880572
0.00011872361637824512
-0.0006751962390689102
0.00020922745740953712
-0.0007006767491285605
0.00016094413410833568
-0.0007494777728583371
0.00027518837166831743
-0.0007907070186350268
0.00020570155494366353
-0.0008492475998653577
0.0003427672492784974
-0.0008990673847164186
0.0002508455078653848
-0.00096283399725075
0.0004103127347397311
-0.0010175327155605833
0.00029570249672312857
-0.0010843265040191077
0.00047713239303831556
-0.0011418214298403269
0.00033990065776223007
-0.0012105487080270652
0.0005427070702063275
-0.001269494144175616
0.00038305480792755827
-0.001339575547438391
0.0006063544948310036
-0.0013989503653478287
0.00042454798862681735
-0.0014700206911677258
0.0006668950142704235
-0.0015289037557379473
0.00046321721056947086
-0.0016005544936141334
5.0441807925907105e-5
-0.000658117051849992
6.949887923865826e-5
-0.000712369362972288
9.15037501026266e-5
-0.0008008926809423799
0.0001140529465342587
-0.0009081733421423018
0.00013659090322715596
-0.0010259983088272584
0.00015888541270968646
-0.0011500839960423659
0.00018075955370977804
-0.0012780066847346168
0.00020197259996181655
-0.0014081878008629046
0.00022209007280646237
-0.0015393157671625866
0.001573834145535305
-9.673463274280405e-5
0.00165793837697149
-1.3687035790628942e-5
0.0017632015975549452
-1.8976929401687012e-5
0.001916465968917268
-1.355727104660345e-5
0.0020778713550611196
-3.469496872591786e-5
0.002266736713440671
-2.1314942419596872e-5
0.0024545187631065586
-5.072014987374606e-5
0.002659624889324377
-2.9056327538662324e-5
0.002860314959821497
-6.58465917297704e-5
0.00307418322591305
-3.6397494250638874e-5
0.003282380494692279
-7.991877557192911e-5
0.0035014496460706386
-4.314698373325798e-5
0.0037140672998843783
-9.273385346183421e-5
0.0039364717992295736
-4.918753709735307e-5
0.004151623602010956
-0.00010389649049648941
0.004376218697966348
-5.422435374328766e-5
0.004592461087768965
-0.0001126108472218124
0.004818328523182761
-5.768021259006324e-5
0.0050342973294660335
-0.00011731119288242627
0.0015470983013555015
-9.578229035131481e-5
0.0016243028221037776
-3.8120985647029815e-5
0.0017300250318921806
-4.343587930942996e-5
0.001896902931307522
-4.171650089394871e-5
0.002053382923099576
-7.225948120525846e-5
0.0022515109659890175
-6.503552987025656e-5
0.0024338315199684884
-0.00010363707127200545
0.0026463613802752907
-8.824310637904236e-5
0.002842069301326254
-0.00013357443131164118
0.0030622314282943387
-0.0001100943668998351
0.0032654941858385623
-0.00016145983231126952
0.003490121574959352
-0.00013023274826489594
0.003697645959163379
-0.00018689109285819182
0.003925161747882882
-0.00014827017644227853
0.004134784642785059
-0.0002091231036675856
0.004364314292642666
-0.00016338571577918388
0.00457436027852222
-0.00022674152525746738
0.004805271853389946
-0.00017400402722439874
0.005014318552851226
-0.00023713365188512527
0.0015036613194111972
-0.0001007099580933235
0.001582713167396207
-5.8915063574902186e-5
0.001683656353599653
-7.204885000613579e-5
0.001862254216831264
-7.331571603240494e-5
0.002016222482223259
-0.00011403495082792528
0.0022228975143847867
-0.00011205690809539087
0.0024022486814553705
-0.00016028336201293663
0.002621571731873066
-0.0001502824472122551
0.0028141337600975282
-0.00020449180325220607
0.0030398233339065496
-0.0001862312877323845
0.003239605608916005
-0.000245748573484671
0.0034688620003095008
-0.00021943804865710994
0.0036724332009359785
-0.00028345323138021764
0.0039039257339086287
-0.00024925244124057337
0.00410896187622536
-0.0003166124313348543
0.00434202113424138
-0.0002744754483988073
0.004546787233582492
-0.0003435036464301372
0.004781007697750549
-0.00029295912706987293
0.004984288323227727
-0.0003612959107767035
0.0014453462130866205
-0.00011196249990108298
0.0015290877179382034
-8.05216414430535e-5
0.0016275651946595629
-0.0001051260292030369
0.0018156248184872225
-0.00011042414662216325
0.0019700982940561006
-0.00016085800882705147
0.002184215303631657
-0.00016364754595524873
0.0023630587962247484
-0.00022124296106627986
0.0025880662517726027
-0.00021614246925014623
0.0027794026096369406
-0.00027906502238307033
0.0030094699910739294
-0.00026564044858805574
0.003207348655988551
-0.0003331583547595336
0.0034400078413457666
-0.0003114646825123399
0.0036409624492096753
-0.0003827379867981148
0.003875091731837763
-0.0003527701605187415
0.0040768020175343265
-0.00042669902496884367
0.004311891287336337
-0.0003881869254193405
0.004512784549785183
-0.00046338176198411465
0.00474861416666797
-0.000415555844619077
0.004947923670010635
-0.0004905648227112228
0.0013750950600534605
-0.00012938212354348
0.0014649267147770289
-0.00010601529046437724
0.001565121314747661
-0.00014296566474110515
0.0017615136429490114
-0.00015287985466348367
0.0019188137396287123
-0.00021237923302657843
0.002139151223714225
-0.00021982245011158393
0.0023195010486894113
-0.00028617654440024604
0.0025489764719341104
-0.0002858886409382646
0.0027407321978271384
-0.0003569703338060292
0.002973978374832571
-0.0003483427088579631
0.0031713271827163965
-0.0004233696882343569
0.0034061805595554493
-0.00040630532600266153
0.0036057542789364443
-0.00048445622043411765
0.003841287485440323
-0.0004588299316538861
0.004040948644779787
-0.0005391697382796935
0.00427680331925875
-0.0005046157160440565
0.00447534506161138
-0.000586260882727015
0.004711484314042138
-0.0005420229045413461
0.004908706556151317
-0.0006246787536074437
0.0012960023196379087
-0.0001525294034671148
0.001393442770887626
-0.00013674993897805433
0.0014996238185659256
-0.00018519548905044324
0.0017035502085767857
-0.0001998923004857302
0.0018654127294409663
-0.00026762649019314094
0.0020908891082701262
-0.0002799170564250028
0.002274227565843944
-0.0003541831104378283
0.0025070963841494058
-0.0003588897279740034
0.0027004453628921917
-0.00043737787421969964
0.002935846898428107
-0.00043373880631891813
0.003133661636368475
-0.0005156275284446018
0.0033697252410145547
-0.0005034141685941071
0.0035688758718863635
-0.0005879456846090376
0.0038048787603399696
-0.0005669659941427286
0.00400356777574316
-0.0006534712669641056
0.004239329799757922
-0.000623394848667952
0.004436841208050347
-0.0007116193281258823
0.004672526455577424
-0.0006719450458457939
0.004869182985520898
-0.0007626805184484802
0.0012109769431479847
-0.00018079753203103523
0.001318247757421642
-0.00017280360046923558
0.0014338478771974026
-0.00023077840296965743
0.001644480326845049
-0.0002502878635457174
0.0018120629972103474
-0.00032540352921476575
0.0020418854059607895
-0.00034283945724013736
0.002229097802846701
-0.00042411698112930594
0.0024645282526102722
-0.0004341343172879864
0.002660147294114592
-0.0005192681103376858
0.0028969413003707835
-0.0005209153677060999
0.003095815058446792
-0.0006090326441379393
0.003332403371321763
-0.0006019848091472732
0.0035317605578488735
-0.0006924307805615561
0.003767648548851752
-0.0006764892332374564
0.003966137564274512
-0.0007689397706449732
0.004201364301804967
-0.00074391837363175
0.004398780444547057
-0.0008387622275476149
0.004633722610427759
-0.0008045358605198228
0.004830743685152794
-0.000903343525882412
0.001122595081753969
-0.00021346216118848672
0.0012427311045669417
-0.00021341097564799035
0.0013696530386045431
-0.0002782886489052783
0.001586073942587378
-0.0003028126525324918
0.0017602167193521184
-0.00038452399068826054
0.0019937804815159128
-0.0004073576415426194
0.002185175090674682
-0.0004948822785175044
0.002422621310904568
-0.000510541489937404
0.0026207544743679857
-0.0006016741635016072
0.0028584433664044016
-0.000608923713465405
0.0030586272247615605
-0.0007027554888247788
0.003295333494293547
-0.0007011967789272708
0.0034952268301818527
-0.0007972088893234135
0.003730717785367233
-0.0007867035063609053
0.003929453257778621
-0.0008849655980965324
0.004164022516420281
-0.000865542252932147
0.004361838291833116
-0.0009670093679439464
0.004596061807692946
-0.0009389135278878266
0.004793780503789045
-0.0010455259098556924
0.0010330049634271516
-0.0002497551956657516
0.0011698997109044977
-0.00025720476220384526
0.0013076985827040516
-0.0003263201972810106
0.001529387861124755
-0.00035648090356230424
0.001710803150965186
-0.00044380263442841223
0.0019473551308535613
-0.0004723639799395956
0.0021430119780008615
-0.0005655726602199678
0.00238204752159217
-0.0005871542944658429
0.002582672130702787
-0.0006838246236387563
0.00282094942412447
-0.0006969507296015991
0.003022460816368945
-0.0007961477346941034
0.00325908018802886
-0.0008003628317392325
0.003459601578599334
-0.0009017432245183901
0.0036946215267646882
-0.0008970317276143881
0.0038937527031767324
-0.0010010784357997013
0.004127736769490318
-0.0009877127399987315
0.004326051154991932
-0.001095810475933309
0.004559730771152766
-0.0010743051175784925
0.004758025150071907
-0.0011883753906451798
0.0011026222379248035
-0.0003020591645348586
0.0014760077054720377
-0.0004103438326203054
0.0019030920169664704
-0.0005370498453067196
0.002343064321381801
-0.0006632600730656121
0.0027846585490612797
-0.0007843990161080168
0.0032238034212955812
-0.0008989862797885535
0.00365944358834361
-0.001007058350218671
0.004092433166615073
-0.0011100165292379366
0.004524407620090287
-0.0012101477252533875
