0.0
0.0
0.0
0.0
0.0
0.0
0.0
0.0
0.0
0.0
0.0
0.0
-0.021510537759016454
-0.12961194747281338
0.0
-0.02151053775901651
-0.1296119474728134
0.0
0.021602402686681364
-0.1297615248216408
0.0
0.021602402686681437
-0.12976152482164077
0.0
-0.007148612863710708
-0.008057109338898293
0.0
-0.01316615838108908
-0.027228192395620198
0.0
-0.017517530996058402
-0.05589310556541616
0.0
-0.02031012852400788
-0.0909578093768901
0.0
-0.00714861286371071
-0.008057109338898307
0.0
-0.013166158381089092
-0.027228192395620163
0.0
-0.01751753099605843
-0.0558931055654162
0.0
-0.020310128524007882
-0.09095780937689012
0.0
0.007148531380729267
-0.008057052116183221
0.0
0.013166645294963523
-0.027228095427495075
0.0
0.017515607241346258
-0.055896483677232586
0.0
0.020308701438390586
-0.09092857376075679
0.0
0.0071485313807292655
-0.008057052116183228
0.0
0.013166645294963534
-0.027228095427495092
0.0
0.017515607241346275
-0.05589648367723261
0.0
0.020308701438390593
-0.09092857376075685
0.0
0.0
0.0
0.0
0.0
0.0
0.0
-8.304508405682774e-6
-0.12956521641329347
0.0
-8.304508405660431e-6
-0.12956521641329347
0.0
1.866987210264267e-8
-0.0070389205210273234
0.0
-3.2500216556799486e-7
-0.026663381894025905
0.0
2.1459161229962542e-6
-0.05545465033494276
0.0
-8.076027232329761e-6
-0.09072159619583861
0.0
1.8669872102279473e-8
-0.007038920521027341
0.0
-3.2500216557642183e-7
-0.026663381894025895
0.0
2.1459161230016845e-6
-0.0554546503349428
0.0
-8.076027232323213e-6
-0.09072159619583868
0.0
-0.02161037077522712
-0.15141803505637116
0.0
-0.021610370775227258
-0.1514180350563714
0.0
0.021851342988182827
-0.15188259560946904
0.0
0.02185134298818287
-0.1518825956094691
0.0
6.521878338390959e-5
-0.15154160464533736
0.0
6.521878338392785e-5
-0.15154160464533753
0.0
-0.021598485069138158
-0.14053836508289946
0.0
-0.02159848506913804
-0.14053836508289927
0.0
0.021756027423686857
-0.1409223218259666
0.0
0.02175602742368676
-0.14092232182596645
0.0
1.6021145141153827e-5
-0.14060275805500405
0.0
1.6021145141128535e-5
-0.14060275805500402
0.0
