0.0
0.0
0.0
0.0
0.0
0.0
0.0
0.0
0.0
0.0
0.0
0.0
0.004443994126369757
7.141788579808614e-5
-7.149350688288113e-5
0.004443994126369877
7.141788579813619e-5
7.149350688432236e-5
0.004443994126370045
-7.141788580179659e-5
-7.14935068828334e-5
0.004443994126370158
-7.141788580174857e-5
7.149350688437173e-5
0.0
0.0
0.0
0.0
0.0
0.0
0.004443929538072303
-1.854805876851617e-15
-7.144114008982233e-5
0.004443929538072423
-1.806161905390977e-15
7.144114009131211e-5
0.0008134735866521058
8.46727403682443e-5
8.459039457989007e-5
0.0017309773039130213
6.923745931548819e-5
6.876559189078699e-5
0.002634388504880935
7.17185435792575e-5
7.203692327701745e-5
0.0035391778348529503
7.14124162675841e-5
7.127011005766785e-5
0.0008134735866520639
8.467274036822817e-5
-8.459039457981708e-5
0.0017309773039129472
6.923745931546487e-5
-6.876559189049415e-5
0.002634388504880836
7.171854357922263e-5
-7.203692327639718e-5
0.003539177834852839
7.141241626754325e-5
-7.127011005665314e-5
0.0008134735866522115
-8.467274036845523e-5
8.45903945799093e-5
0.001730977303913209
-6.923745931626108e-5
6.876559189081155e-5
0.0026343885048811756
-7.171854358084224e-5
7.203692327705286e-5
0.00353917783485322
-7.141241627014127e-5
7.127011005770953e-5
0.0008134735866521701
-8.467274036846115e-5
-8.459039457981445e-5
0.0017309773039131339
-6.923745931627868e-5
-6.87655918904776e-5
0.0026343885048810763
-7.171854358087315e-5
-7.203692327636729e-5
0.0035391778348531086
-7.141241627018067e-5
-7.127011005661402e-5
0.0008064364201568929
-1.0277265181786624e-16
8.463364014654474e-5
0.0017338177788074254
-3.8527256911838796e-16
6.904466205971831e-5
0.0026335586384651664
-7.914820513101563e-16
7.184443362296223e-5
0.003539387836560296
-1.2781604387225825e-15
7.135957596837166e-5
0.0008064364201568516
-1.1388425325135633e-16
-8.463364014645838e-5
0.0017338177788073495
-4.0564736921971443e-16
-6.904466205940355e-5
0.002633558638465067
-8.243669995152702e-16
-7.184443362230816e-5
0.003539387836560186
-1.3183281124937568e-15
-7.13595759673161e-5
0.004682077912052467
7.144336925191328e-5
-7.142718359133126e-5
0.00468207791205258
7.144336925195914e-5
7.142718359289153e-5
0.004682077912052749
-7.144336925591092e-5
-7.142718359128266e-5
0.004682077912052864
-7.144336925585658e-5
7.142718359294005e-5
0.004682049837721661
-1.9993055072909193e-15
-7.143100634612012e-5
0.004682049837721786
-1.9485908099280746e-15
7.143100634773081e-5
0.004563032274333526
7.143148850708271e-5
7.143240692238415e-5
0.004563032274333407
7.143148850703197e-5
-7.143240692088288e-5
0.004563032274333808
-7.143148851083718e-5
7.14324069224333e-5
0.0045630322743336945
-7.143148851088691e-5
-7.143240692083426e-5
0.004562994798317337
-1.876971550971618e-15
7.143902330677257e-5
0.004562994798317212
-1.927488582633559e-15
-7.143902330522353e-5
