0.0
0.0
0.0
0.0
0.0
0.0
0.0
0.0
0.0
0.0
0.0
0.0
0.005514878139617736
9.481945186970242e-5
-0.00018363236013978207
0.0055018591351138485
9.488069105850087e-5
-6.247709286930112e-6
0.005513531536219418
-8.209349811387257e-5
-0.00018393036208316657
0.005500506319139379
-8.266339527484225e-5
-6.474916910376198e-6
0.0
0.0
0.0
0.0
0.0
0.0
0.005514055780651379
6.2924818072495495e-6
-0.0001836160864448133
0.005500969006093568
6.023184773566505e-6
-6.347525528828935e-6
0.0010052606857143302
0.00010493580500824599
9.827839462334124e-5
0.0021405001379412314
8.662428818500909e-5
6.193112095768498e-5
0.0032591317463405997
9.106614896180083e-5
4.387716357022444e-5
0.004380157748107227
9.24273132993435e-5
1.8350086344341882e-5
0.0010116040524026763
0.00010564121117363244
-0.00011165918418911052
0.0021508951892358014
8.685836705839144e-5
-0.00010845880523402033
0.003271566717487032
9.116509449368965e-5
-0.0001347302771692261
0.004393269091141755
9.235108467234011e-5
-0.00015831403262594253
0.0010049940138401041
-0.00010453362314430516
9.816645073620751e-5
0.002139981548426082
-8.478790096544663e-5
6.175259153323562e-5
0.00325835153666398
-8.681739648101258e-5
4.364656013439183e-5
0.004379132651128978
-8.482076576304511e-5
1.8047184349631774e-5
0.0010113372231339171
-0.00010509912991414652
-0.00011168864954696432
0.002150376510496222
-8.474985856759047e-5
-0.00010855683080048544
0.003270786642339874
-8.652828820776972e-5
-0.00013489625903752422
0.004392243931020271
-8.427175907753196e-5
-0.00015849736825119168
0.0009964101220913003
2.1832703114307853e-7
9.811218924412583e-5
0.0021437479536284576
9.330778733872187e-7
6.21544752861055e-5
0.0032576941189871914
2.1302168444981795e-6
4.354197778369962e-5
0.004379917673948378
3.83617611690361e-6
1.83761361936128e-5
0.0010027483414756415
2.896094645677199e-7
-0.00011188895918416162
0.002154192634536197
1.073329781991524e-6
-0.00010888432550469021
0.0032701530019286365
2.3320928605354405e-6
-0.00013455578250438541
0.004393033324169838
4.0854113350860814e-6
-0.00015844765540775333
0.005811567931322301
9.606480467263428e-5
-0.00019038090342817112
0.0057986326172352835
9.633952703205424e-5
-1.2574516973166138e-5
0.00581007107703742
-8.164068401631784e-5
-0.00019079216312297667
0.00579711759106918
-8.242764020692605e-5
-1.2696822832631394e-5
0.005810561637713639
6.869641763371969e-6
-0.00019041652044865528
0.005797760056209667
6.606002778632839e-6
-1.2446603742256871e-5
0.005650209006528443
9.588370211054752e-5
-9.28715683104674e-6
0.005663200007108269
9.515189546932908e-5
-0.00018718562871808083
0.005648773926327401
-8.30680355274065e-5
-9.524096820124311e-6
0.005661777783640984
-8.181485654364631e-5
-0.0001874726075339905
0.0056492784631825095
6.418404948392426e-6
-9.23108967793759e-6
0.00566228158925797
6.686309626706517e-6
-0.00018715172972360146
