0.0
0.0
0.0
0.0
0.0
0.0
0.0
0.0
0.0
0.0
0.0
0.0
0.004328143521051049
6.650987899472512e-5
-6.65098789949717e-5
0.004328143521051036
6.650987899469147e-5
6.650987899483172e-5
0.004328143521051081
-6.65098789950785e-5
-6.650987899500551e-5
0.004328143521051067
-6.650987899511196e-5
6.650987899479847e-5
0.0
0.0
0.0
0.0
0.0
0.0
0.0
0.0
0.0
0.0
0.0
0.0
0.0043303185186225135
6.656928976369015e-5
-7.003546674390987e-17
0.004330318518622537
-1.7665453334193871e-16
-6.656928976397069e-5
0.004330318518622546
-6.656928976407743e-5
-1.0357377624946296e-16
0.004330318518622522
-2.1023799831433436e-16
6.656928976379714e-5
0.002032839171346668
8.582130235699368e-5
8.582130235704538e-5
0.0020328391713466776
8.582130235701452e-5
-8.582130235708013e-5
0.0020328391713466897
-8.582130235713215e-5
8.582130235702564e-5
0.0020328391713467
-8.582130235711209e-5
-8.582130235710122e-5
0.0
0.0
0.0
0.004332526360321076
-1.935792692195559e-16
-8.672525689463625e-17
0.0020297103888514095
8.583130918525247e-5
-1.7296837326052736e-17
0.002029710388851432
-8.58313091853707e-5
-3.769679929622866e-17
0.002029710388851416
-6.903081687183711e-17
8.58313091852839e-5
0.0020297103888514256
-4.861968327751718e-17
-8.583130918533918e-5
0.0020265711803125596
-5.894337152349069e-17
-2.76008565560264e-17
0.0045672788431818274
7.124043561658808e-5
-7.124043561685853e-5
0.004567278843181816
7.124043561655424e-5
7.124043561670494e-5
0.00456727884318186
-7.124043561697485e-5
-7.124043561689218e-5
0.004567278843181851
-7.124043561701052e-5
7.124043561667064e-5
0.004566952315791071
7.122745108468449e-5
-7.662445803597785e-17
0.004566952315791097
-1.9337378178351053e-16
-7.122745108498867e-5
0.004566952315791112
-7.122745108510888e-5
-1.105487271892585e-16
0.0045669523157910825
-2.286917466128337e-16
7.122745108480142e-5
0.004448297515008321
7.06155441133978e-5
7.061554411354327e-5
0.004448297515008332
7.061554411343261e-5
-7.061554411368965e-5
0.004448297515008356
-7.061554411383583e-5
7.061554411351058e-5
0.004448297515008367
-7.061554411380176e-5
-7.061554411372477e-5
0.004566388926843309
-2.1125104298162284e-16
-9.422020442570796e-17
0.004448113603851585
7.019049958093945e-5
-7.355241053645089e-17
0.00444811360385162
-7.019049958134576e-5
-1.0734567880142948e-16
0.004448113603851593
-2.1916590117710666e-16
7.019049958105192e-5
0.004448113603851609
-1.849100470615121e-16
-7.019049958123317e-5
0.004447903069270096
-2.0192960882583227e-16
-9.069129084677993e-17
