0.0
0.0
0.0
0.0
0.0
0.0
0.0
0.0
0.0
0.0
0.0
0.0
0.005304261527081617
8.489184254629575e-5
0.00011018155417741188
0.0053449359199369
8.582612271754258e-5
0.00027368286480247553
0.005306048453397102
-7.884524036864507e-5
0.0001107597406839794
0.005346712074054853
-7.806989590426695e-5
0.00027490120365172865
0.0
0.0
0.0
0.0
0.0
0.0
0.0
0.0
0.0
0.0
0.0
0.0
0.005329644645640307
8.510945242588961e-5
0.00019178014564026518
0.005307688376307375
2.9052572987294756e-6
0.00011041838474877701
0.005326463690569234
-7.88925600489781e-5
0.00019262906242493535
0.005348428454416563
3.809846449451047e-6
0.0002743504767766518
0.0025121443279426284
0.0001071396986207546
0.00014946129754186602
0.002488723974326578
0.00010532297435526577
-6.212153823969156e-5
0.002513208495392378
-0.00010534647987811582
0.00014974368728087574
0.0024898156071502518
-0.00010472272667399961
-6.118874072912251e-5
0.0
0.0
0.0
0.005330659342150021
3.0073718980010246e-6
0.00019220675839970902
0.0024980286730124056
0.00010648100498958996
4.351472394722918e-5
0.0024962739273136376
-0.00010482236411550437
4.4109579970221067e-5
0.0025088374155357446
1.036067407371151e-6
0.00014988197579590484
0.002485455409593072
4.2659017489562385e-7
-6.13913077697837e-5
0.0024933125857912438
8.949155043787504e-7
4.408526565196329e-5
0.005602705074666783
9.291376356991476e-5
0.00012446186425576632
0.005643785529873413
9.310645647060994e-5
0.00030069938587903324
0.005603094229604843
-8.551551577335358e-5
0.00012381950203188303
0.0056442164992258
-8.398477765720014e-5
0.0003031185961214003
0.005623535235713697
9.230791385535602e-5
0.00021219973847364066
0.005601974727522339
3.235061579312658e-6
0.00012413433014441883
0.005621930386345812
-8.545500506789975e-5
0.0002130747181347604
0.005643555121933053
4.109966849641007e-6
0.00030190465286038265
0.0054953550287220486
9.205771356563067e-5
0.0002897073122503333
0.00545438441635654
9.089758058339362e-5
0.00011466043407161977
0.0054960174113653565
-8.400301088735581e-5
0.00029130153847846727
0.00545502150689211
-8.459394956834649e-5
0.00011481909490063565
0.005621710327634461
3.035755794439664e-6
0.00021259864224884331
0.005475643261839622
9.059241727219075e-5
0.00020199967853599317
0.005473603711716328
-8.407155195445458e-5
0.00020286605184340886
0.005495272064747563
3.849785929201877e-6
0.000289963815037578
0.00545401613683984
2.9640680868013916e-6
0.00011531530689888313
0.005474024463283734
3.3672161038079244e-6
0.00020241274317894225
