0.0013284458428138239
0.0
0.0
-0.00035897478366065945
0.0
-0.0016163070068858545
0.004961003511315628
-0.0014073026770697837
0.005206160943424371
0.0
0.0002615396906190623
-0.00033505649072323177
0.0005691400233726271
-0.00031848226404804626
0.0008377423651192062
-0.0002794244512149954
0.0010943917569456712
-0.0002244228098873503
0.0012802501610168317
-0.00013059507820421085
0.0
-0.0004726330152240864
0.0
-0.0005612948538225292
0.0
-0.0006437291345634628
0.0
-0.0007285720802901166
0.0
-0.0008183161402544504
0.0
-0.0009124423461427766
0.0
-0.0010096732740533087
0.0
-0.001108941837822777
0.0
-0.0012095355954139869
0.0
-0.001310921833265491
0.0
-0.001412719609207579
0.0
-0.0015146646208570999
0.0003757169569985584
-0.0016142153897082186
0.0007510839426934194
-0.0016068195959846776
0.0011281664099627787
-0.0015953178645523505
0.001507139758616136
-0.0015805505928612787
0.001887964003967557
-0.0015635647350977211
0.002270374607102627
-0.0015452478672346092
0.002653948759917942
-0.0015262582909141948
0.0030382200681504296
-0.0015069759849555232
0.003422785142158281
-0.001487530885923347
0.003807379565510365
-0.0014678839355874618
0.004191909549127268
-0.001447943025649443
0.004576424931889036
-0.0014276949630211905
0.004981388540961198
-0.001291880361813237
0.005001944946075324
-0.0011763900011923336
0.005022973674551561
-0.001060961191176012
0.005044699239510986
-0.0009458808781454722
0.005067222068145259
-0.0008315771918388415
0.005090447257203262
-0.0007186038041637514
0.0051140051235993725
-0.0006075892747504131
0.005137194805235829
-0.000499144311933498
0.0051589799632763556
-0.00039373458225204933
0.005178063456140228
-0.00029154004206558524
0.005193035835507892
-0.00019233581412377831
0.005202759642239206
-9.546037938794228e-5
0.004864979272231274
0.0
0.004523453477075986
0.0
0.00418259545675929
0.0
0.003843247931986691
0.0
0.0035062814579959432
0.0
0.003172781356561114
0.0
0.002844301145079246
0.0
0.0025233306362483464
0.0
0.002214411838981071
0.0
0.0019270757011460573
0.0
0.001682320530169395
0.0
0.0015294245261944083
-4.571424890580225e-6
0.004596842518524379
-0.0013118276298391526
0.004617472477573729
-0.0011960157452950164
0.004638638799104145
-0.0010803847805038284
0.004660601085324924
-0.0009651339654180328
0.004683499994403858
-0.0008505577925714362
0.004707269541726421
-0.0007370338242235304
0.004731543668980803
-0.0006249841703505033
0.004755586868342894
-0.0005148112145170792
0.004778282652150927
-0.00040681181138958706
0.004798208754808271
-0.00030108463005036395
0.004813829512371763
-0.0001974631194062953
0.004849576128461133
-0.0001000200820152095
0.004212247513066719
-0.0013315659849381007
0.004232864970782142
-0.0012151978224917367
0.004254054485577357
-0.0010989071360459435
0.004276110629809926
-0.000982807423354185
0.0042992315468946135
-0.000867096134214601
0.004323407265653618
-0.0007520596464550681
0.004348307618780159
-0.0006380546738878511
0.004373191620959586
-0.0005254633845332117
0.004396874218627072
-0.0004146177897435512
0.0044177947825911465
-0.00030569931857584706
0.004434210799940701
-0.0001986308772795366
0.004496016963721359
-0.0001027371634342628
0.0038275231272157308
-0.0013509440081212148
0.0038479360808927315
-0.0012338756451799955
0.0038688981088952808
-0.0011166432598042285
0.003890772960198045
-0.0009992710255102494
0.003913862577452601
-0.0008818832364972691
0.003938274510639126
-0.0007647267618179222
0.003963784651204781
-0.0006481782699086133
0.003989705292000874
-0.0005327198079795685
0.004014797692098064
-0.0004188594216749199
0.004037294454634365
-0.00030698522896425534
0.004055099953480991
-0.000197182084224369
0.004143088264756648
-0.00010420793278555436
0.00344265556208294
-0.001370022048477229
0.0034626034573640055
-0.0012522028589536168
0.0034829878110928534
-0.0011339016749491136
0.0035042998070272642
-0.001015045243337173
0.003527008288976322
-0.0008956842528716918
0.003551422749247743
-0.0007760347290958036
0.00357753207793731
-0.0006565236037249924
0.0036048070958920983
-0.0005378037023364169
0.003632002520864622
-0.00042068108469687506
0.003657063193894482
-0.00030590465067898586
0.0036772931772835493
-0.00019383480689689274
0.003791615938221989
-0.00010473703199609474
0.00305772245743219
-0.0013889457120893256
0.0030768879614023322
-0.0012704078573974422
0.0030962674094790798
-0.0011510512730398385
0.0031165400256380586
-0.0010306941918058255
0.003138401082853595
-0.0009092874468990963
0.0031624553865001338
-0.0007869747782173148
0.0031890518899743794
-0.0006641956933362525
0.00321800644312989
-0.0005417835069524788
0.003248214138080169
-0.0004209540830516863
0.003277290863000313
-0.0003030428473272303
0.003301574887085055
-0.00018892933789036367
0.003442433920770742
-0.00010444427967981792
0.002672899849933947
-0.0014078047124139765
0.0026909095156209244
-0.001288656216991949
0.002708805182294438
-0.001168393841921792
0.0027274859182086554
-0.001046725104318773
0.0027479016905037584
-0.0009234585015422208
0.002771026968163269
-0.0007985744624235752
0.002797745134380814
-0.0006723961576221566
0.002828522151550697
-0.0005458336797261694
0.002862755709739913
-0.00042056318526557804
0.002897881161828283
-0.00029883133161308996
0.0029288078948758066
-0.0001825480474740222
0.0030965484719464873
-0.00010329944071220768
0.0022884446218650956
-0.0014265059190532038
0.002304877538093549
-0.0013069195654622178
0.0023208002471947374
-0.0011860323780803074
0.00233730795208216
-0.0010634644252600482
0.0023555710534592564
-0.0009388500122182709
0.002376941367391081
-0.0008118908800603331
0.002402979735941494
-0.0006825669772878896
0.002435215063477803
-0.000551558898380762
0.0024742807287977146
-0.00042082580533008213
0.002518131509948809
-0.00029385813497280385
0.0025599370463290235
-0.00017459388936280897
0.002755336106364045
-0.0001010955938812076
0.0019046508748833389
-0.0014446802852528743
0.0019190654306579854
-0.0013248681511644311
0.001932578229810768
-0.0012037400567748778
0.00194639100935518
-0.0010808957748670485
0.0019617780036337604
-0.0009558168137743884
0.001980354780262242
-0.0008278575277319357
0.0020043515427638496
-0.0006963992058728029
0.002036716830599296
-0.0005613490981298066
0.002080464826537192
-0.0004242206846874869
0.0021359926046380187
-0.000289608213530619
0.0021956375455529256
-0.00016502567571135434
0.002420810917848172
-9.733336903206775e-5
0.0015217844117378992
-0.0014616462295890492
0.0015337590734530162
-0.0013418105914711428
0.0015445513606571416
-0.0012208561588525116
0.0015553251442767728
-0.0010984760565179098
0.001567273164192597
-0.000974115728372069
0.0015820229703838
-0.0008468671236461898
0.0016021828432371578
-0.0007154367907965368
0.0016320599890574774
-0.0005784043797857423
0.0016780862572857666
-0.00043543730144955607
0.0017467718672105534
-0.00029039141567716346
0.0018347389439145427
-0.00015525760485834078
0.0020957822454854415
-9.11007613510415e-5
0.0011400036218732156
-0.0014764426267482632
0.0011491781929953155
-0.0013567148257848081
0.0011571255101995763
-0.001236254233245169
0.0011648012840558455
-0.001115002267165777
0.0011731134495003388
-0.0009925583595959385
0.0011833965782095221
-0.00086806649777521
0.0011980731117260785
-0.0007399424953474186
0.0012219546382264423
-0.0006055267304689739
0.0012646283082076105
-0.00046139898943803483
0.00134243454544107
-0.00030690430186161057
0.0014700187753606583
-0.00015417136487136097
0.0017826741001394383
-8.233588797536692e-5
0.0007592758461126052
-0.0014879713003123935
0.0007653794990791084
-0.001368296284597913
0.0007705821156012419
-0.001248466348803192
0.0007753871317067565
-0.0011286543697169805
0.0007803394496566848
-0.0010088266925470544
0.0007862730788987526
-0.0008886486179497304
0.0007948803309521337
-0.0007671166000516705
0.0008100332761435373
-0.0006417385625799062
0.0008416135965428613
-0.0005069466673105798
0.000915596157243973
-0.0003548905362284621
0.001083121321966529
-0.0001902275771939395
0.0014778242927700827
-8.082988811503005e-5
0.00037920326491082103
-0.0014948980928110398
0.00038231433361178124
-0.001375335732137386
0.0003849409136785015
-0.001256011724822252
0.0003872413806722838
-0.0011373345349415807
0.00038943806565766727
-0.00101975792917963
0.0003918922526597197
-0.000903795421087147
0.00039539318328486495
-0.0007898986158633609
0.00040203756039894394
-0.0006778818845546761
0.00041722997790241895
-0.0005644074195102355
0.0004651113956261909
-0.0004362114444645103
0.0006488949819757631
-0.00028765215308413207
0.0011540830933135105
-0.00012623419248081842
0.00028400582737990796
-0.0015135622296715465
0.00028617238095465905
-0.0014048598687218861
0.00028806480901693026
-0.0012962447868191595
0.0002897064722919986
-0.0011881003858340857
0.0002911914098035092
-0.0010808216019329334
0.00029267842880469774
-0.000974882828327471
0.00029443923846880684
-0.0008708829532355464
0.0002971091652884095
-0.0007694652349640761
0.0003022440632837299
-0.000670926206098462
0.00031346277862600506
-0.0005734769716020461
0.00034742118084751003
-0.00046631213725849816
0.0004914169906127641
-0.0003376615258670945
0.0009363631354162237
-0.0001966396396148753
0.0013795295656675493
-4.0715900190201066e-5
0.000190692634860787
-0.001412443445268166
0.00019183160369578444
-0.0013146034350641884
0.00019286661858147048
-0.001217093116220974
0.00019377331743274491
-0.001120249623310426
0.00019463039360432247
-0.0010244523516699136
0.00019554572815667703
-0.0009301971495357501
0.0001967294347812083
-0.00083814801218753
0.000198632995581089
-0.000749164941971359
0.00020255847628728078
-0.000663681101670245
0.00020969176551504471
-0.000582268172369714
0.00023150335815311663
-0.000492455476455457
0.00033088883926292234
-0.0003836275829749901
0.0006918163829372993
-0.0002750060676612115
0.001175810354896915
-0.0001242479193636525
9.591082980934637e-5
-0.0013110640754150182
9.642341916981722e-5
-0.001224270172186371
9.6830945699499e-5
-0.0011379950524599961
9.720213406330729e-5
-0.0010525361788687254
9.758348749746501e-5
-0.0009682596019651155
9.804403682325901e-5
-0.0008856696840652213
9.874284997887969e-5
-0.0008055082913959196
0.00010006014538515392
-0.0007287329474953704
0.00010262585214568073
-0.0006562376433881345
0.0001073855061194639
-0.0005878126277485659
0.0001139769515977503
-0.0005214134810202002
0.00017778368811813722
-0.00040669220824866294
0.00040629743814092286
-0.00034503408044537386
0.0008872080516713546
-0.00021970286829508802
