-104511.35852472777
-10006.976478484756
-11216.957568363103
-10484.708824057625
38094.926805048104
10590.325533814059
88106.77655878926
18523.649288672827
155967.87000361385
50776.19717996449
-31740.388920827314
-49873.57615483947
-8364.14493531301
-10967.930977998196
26784.095630515287
529.7600483622992
64059.30644842002
7032.854550429026
95763.40326220542
26740.52791870852
-2689.6691180011285
-1.1071694834793165e-11
-3284.063636157246
-1.2835288244934092e-11
22739.255871701775
-1.2856725237440373e-11
52511.17692889714
-1.4768545072142995e-11
87631.84379709292
-3.4224215238480005e-11
-31740.388920827278
49873.5761548395
-8364.144935313023
10967.930977998189
26784.09563051527
-529.7600483623254
64059.30644842003
-7032.854550429069
95763.40326220547
-26740.527918708598
-104511.35852472781
10006.97647848479
-11216.957568363103
10484.70882405763
38094.926805048075
-10590.32553381409
88106.77655878924
-18523.649288672885
155967.87000361382
-50776.19717996454
